32678307
32737443
32770107
32801355
32814878
32814880
32811973
32814877
32901121
32929219
33037394
33110214
33082515
33100324
33162555
33139930
33116296
33168956
33268814
33219327
33495554
33219327
33230261
33495554
33273695
33268814
33328570
33328571
33462413
33469231
33469229
33504946
33637972
33568778
33558705
33649471
33742136
33649471
33762743
33712741
33846536
33753902
33963314
33953349
33986463
33875796
33753903
33941870
33947971
33953350
33972717
32447347
33110216
32555380
32376875
32555450
33051597
33082558
33122828
33122826
33122827
33122824
33128042
33188296
33188295
33199826
33219317
33230243
33239755
33262463
33273726
33311552
33323968
33323973
33323971
33323974
33420361
33420362
33420373
33420368
33420365
33452454
33452458
33452459
33531626
33536579
33564074
33603165
33603170
33627786
33627781
33649535
33664453
33664452
33674746
33686238
33564070
33692467
33712705
33714987
33714986
33716296
33742119
33742121
33758320
33824475
33824474
33824472
33833398
33846571
33846574
33846573
33863999
33875786
33888868
33927350
33931740
33941853
33941855
33941854
33958724
33958721
33972684
33981002
33986509
34007022
34012098
34017080
34050266
34079086
34079090
34079082
34079085
34103686
34103681
34108621
34108620
34117362
34127813
34131285
34140644
34140642
34140643
34140641
34145399
34148056
34155348
34155343
34163033
34163032
34158578
34163029
34193942
34211090
34211088
34244607
34247190
34262130
34274946
34282274
34294846
34290402
34294845
34316028
34321603
34312488
34321604
34304250
34326467
34331012
34333551
34331014
34341514
34341513
34345014
34345015
34345013
34349244
34345012
34363022
34373577
34489549
34465901
34511598
34535770
34017079
32641858
32778768
33958723
32203167
32238882
32978516
32848211
32973331
32770142
32814829
34385595
33686240
33191406
32989255
33742122
33972683
34163028
34244606
34489551
33653921
33758061
33758062
33785611
33824181
33850054
33850055
33879602
34035143
34074704
34131021
34131022
34158398
34187905
34285131
34404752
34520227
34582250
34637328
34665640
34699250
33051258
33185004
33393215
33245190
33372411
33369872
33410264
33369866
33393230
33345445
33480129
33512761
33554439
33590678
33554448
33586907
33426808
33565211
33586867
33594776
33786993
33655623
33779025
33733573
33738926
33769697
33860601
33852194
33900016
33855783
33769671
33987909
34056831
34080749
34114325
34232566
34160127
34347354
34296805
34309175
34358402
34382737
34369648
34402578
34459531
34328245
33369848
33950553
34224201
33248027
33296677
33301730
33271062
33606974
33476576
33412112
33453168
33434504
33453169
33539787
33761311
33756105
33756106
33991485
33909988
33974912
33852894
33961797
33961796
33857404
33964204
33974911
34077757
33932349
33979575
34111399
34111398
34197737
34107305
34171297
34157307
34245671
34358447
34547240
34233158
34289383
34289383
34624217
34453890
33626321
33657401
33340489
33743194
33420490
33558728
33723425
33664495
33664496
33795875
33795871
34108663
34226698
34239062
34354233
34497368
33258871
33355621
33411917
33443570
33439240
33373452
33566094
33605979
33819340
33666644
33861319
33656555
33914026
33871553
33929514
33999101
33978709
34009269
34259806
34161574
34287648
34342639
34128958
33939796
33475699
33334821
33334822
33446568
33602872
33985971
34140355
34301766
34301769
34244292
33837725
33380426
33450223
33453283
33460650
33460648
33482198
33482197
33493519
33548223
33567341
33571521
33577797
33581113
33587951
33609526
33636181
33639163
33640455
33647318
33647316
33647315
33667549
33667543
33676897
33676896
33676894
33676893
33676892
33713703
33722609
33722608
33722606
33741342
33744286
33745968
33766559
33766558
33781742
33789160
33811860
33811857
33857479
33865858
33865857
33872597
33894203
33894201
33895141
33901493
33915127
33930463
33930462
33930461
33932405
33932404
33933455
33933452
33933451
33933448
33957127
33965375
33965374
33991522
34015330
34022224
34022220
34023381
34029594
34029587
34216621
34216619
34216618
34181950
34181949
34171357
34157286
34153319
34146543
34144039
34118235
34089703
34029587
34118235
34171357
34023381
34144039
34181949
34298014
34293347
34216618
34216621
34302808
34214498
34265306
34298015
34224728
34270961
34245780
34245781
34411563
34391780
34298020
34343568
34391782
34416231
34375639
34358562
34270958
33187986
33187982
33775697
33465375
33428929
33191271
33144328
33406430
33406428
33406413
33406417
33406421
33440148
33472080
33472079
33472082
33503422
33503437
33503415
33535045
33567272
33567255
33596425
33596423
33596420
33596426
33626359
33626345
33657371
33657363
33657382
33691099
33730592
33730578
33730589
33730584
33730565
33761359
33789098
33789117
33789097
33826889
33826887
33852844
33910019
33910006
33910002
33951433
33951440
33979615
33979607
34010654
34010649
34038728
34038729
34038725
34038731
34038737
34107258
34133934
34133930
34161765
34161760
34161773
34161762
34192545
34192547
34192548
34233198
34233182
34233183
32991666
32986812
33346797
33355624
33125052
33710283
33755722
33688917
33779682
33914044
34143182
33306108
33630828
33626035
33684096
33705388
33657094
32516310
33264286
33275593
33270882
33332564
33348378
33406258
33450002
33444446
33544864
33503260
33619536
33591310
33589924
33660778
33704464
33398329
33660773
33675668
33744966
33744941
33849069
33849067
33893802
33963860
33978753
33999206
34048572
34107030
34096589
34096602
34096600
34107032
34133717
34142161
34133725
34197606
34197623
34214177
34181735
34244791
34232997
32479599
33416495
33438581
33475086
33475085
33475084
33481703
33507149
33555257
33587037
33599613
33616038
33629656
33646120
33646118
33661101
33755016
33764296
33783355
33787491
33884955
33890571
