32030966
33311650
33313679
33328586
33402731
33526846
33551225
33583602
33608112
33962804
34042027
34048808
34114479
34275889
34284078
34379783
34400241
34469577
34486705
34530171
34563514
34618078
34619102
34647385
34668391
34688806
34698766
34700040
34719307
34723759
34727382
34738863
34740611
34740613
34742153
34743948
34744082
34757127
34758082
34762910
34767797
34767964
34774547
34774740
34774795
34774989
34779483
34780782
34780785
34784561
34784841
34785213
34785240
34787051
34788229
34793775
34795238
34795257
34795259
34798070
34798260
34798465
34800438
34800915
34801563
34801596
34801623
34808131
34808225
34808460
34808462
34808575
34813892
34815549
34818977
34824202
34826399
34826547
34837887
34838715
34838997
34839107
34848272
34848693
34852967
34856161
34860155
34861210
34861581
34863990
34865263
34871825
34875217
34876040
34876128
34876142
34876144
34879879
34880353
34883112
34883316
34889698
34889712
34891040
34891212
34893086
34893096
34893641
34894966
34895040
34895046
34895048
34895051
34895052
34895065
34895074
34895123
34896119
34896479
34896618
34896640
34896914
34897678
34897684
34897688
34897892
34897944
34897970
34898027
31697176
32186226
32186433
32264736
32412786
32529543
32543313
32594381
32627090
32713344
32737855
32757684
32881354
32952069
33032456
33037622
33045317
33064024
33108739
33144185
33145996
33146000
33155431
33159388
33159419
33171493
33196911
33207945
33211633
33221374
33235026
33238281
33249116
33252829
33258403
33269380
33272103
33278191
33280497
33295056
33301605
33307898
33332746
33342344
33345272
33345691
33345719
33350453
33351232
33369228
33392621
33405047
33405050
33406413
33406424
33406428
33409551
33410373
33410377
33417179
33420548
33432425
33438067
33447989
33452745
33453713
33459111
33461373
33463050
33463054
33464564
33467979
33469837
33475442
33475455
33475463
33485931
33487115
33492555
33496636
33502338
33509010
33509040
33517149
33528836
33529444
33538533
33555514
33558065
33565325
33565800
33565802
33566259
33587348
33588099
33608866
33610907
33618612
33619557
33620119
33628588
33631423
33633196
33634377
33638775
33638792
33638940
33658535
33675274
33677804
33707466
33707587
33710682
33710684
33721187
33722608
33723405
33725320
33739543
33744299
33751357
33753579
33757404
33759251
33759666
33762355
33772151
33772408
33772723
33779489
33789312
33789983
33797737
33812256
33813678
33825599
33831707
33839577
33843053
33844290
33859925
33862560
33865911
33865939
33872733
33876722
33882503
33887625
33893997
33895792
33898171
33911034
33941610
33941685
33942232
33951626
33951695
33961511
33963081
33971546
33971927
33975879
33975883
33979697
33979701
33982769
33982775
33982786
33984721
33991848
33993470
33993982
34001623
34006305
34011606
34016750
34021445
34022264
34022918
34026424
34026434
34026438
34030715
34036377
34036380
34036397
34041752
34044068
34051279
34051800
34052323
34052325
34055578
34055579
34061466
34078755
34080639
34080641
34080645
34083438
34098990
34099027
34099549
34099554
34108238
34108240
34109987
34109992
34125604
34130587
34132359
34132366
34132375
34134453
34135125
34145024
34147029
34151707
34162557
34162560
34162570
34165154
34165168
34165167
34165171
34165179
34167441
34168078
34168080
34174908
34180758
34181356
34181498
34181950
34186058
34187448
34192317
34193018
34195851
34216805
34217312
34224294
34226413
34231472
34232945
34251337
34251961
34253290
34255057
34265069
34278505
34278507
34282011
34291488
34298014
34301901
34302808
34304702
34312226
34313719
34314382
34319909
34319912
34330832
34332565
34336153
34343566
34343568
34350522
34358562
34362407
34365889
34368969
34370738
34372865
34374638
34375639
34379688
34380736
34383767
34384029
34385316
34387592
34387594
34387602
34392240
34392309
34399777
34405820
34407052
34407055
34407138
34409981
34411141
34414852
34414857
34417301
34424910
34425092
34433666
34435619
34436551
34446806
34455059
34459452
34461109
34464226
34474146
34479967
34482560
34486532
34491908
34493647
34496364
34499618
34499929
34504167
34508688
34509500
34515239
34518485
34518486
34518490
34521919
34526970
34527075
34535352
34536977
34538046
34543287
34547186
34547282
34553755
34554188
34558789
34571508
34585587
34601076
34606619
34609770
34614178
34614448
34619327
34622775
34624323
34624325
34626126
34626136
34626587
34633031
34634811
34641698
34643030
34644617
34645279
34647142
34648844
34648907
34652879
34653729
34656861
34657150
34662712
34663976
34663975
34681573
34681596
34681631
34681917
34685504
34685526
34685619
34685622
34685681
34686664
34687039
34698882
34705526
34707127
34709686
34715218
34715574
34716956
34717195
34718086
34718238
34720086
34731784
34732572
34732716
34737140
34738906
34742690
34743935
34749249
34749366
34752173
34752991
34753136
34758406
34769306
34772428
34775177
34775365
34784607
34795264
34807912
34808241
34810257
34818249
34834018
34836796
34847273
34851822
34856019
34856542
34863188
34863979
34868004
34872282
34875451
34875555
34879239
34884442
34884487
34884541
34884918
34884938
34884984
34887471
34888944
34890713
34891002
34891100
34898277
34898279
34898354
34898362
34898373
34898477
34899399
34899681
34899810
34899906
34899909
34900056
34900190
34900201
34900520
34900536
34900667
34900675
34900689
34900723
34900978
34900980
34900984
34901025
34901270
34901393
34902342
34902522
34902807
34903122
34903127
34903139
34903500
34903711
34903714
34903728
34904279
34904343
34904415
34904630
34904673
34904778
32379497
32412793
32749857
33115805
33122828
33125792
33159601
33311589
33389428
33392891
33394293
33474692
33505023
33509238
33547542
33630203
33675502
33820798
33826889
34057025
34060252
34107838
34130584
34192971
34241580
34266953
34272277
34278444
34278459
34278472
34278490
34288801
34319590
34334080
34334103
34334123
34347914
34369259
34374627
34375550
34375566
34428276
34433042
34470577
34472622
34499769
34499772
34504003
34518217
34518220
34551139
34570211
34571009
34590382
34593639
34597666
34605103
34608293
34627839
34634301
34652421
34687491
34688655
34688658
34705028
34709349
34726281
34738631
34747980
34751998
34755654
34758200
34762123
34768968
34769160
34774800
34779401
34779768
34784837
34785650
34787047
34787650
34789086
34793477
34798593
34800086
34821217
34831451
34838714
34841435
34859256
34860252
34870592
34881526
34905435
34905511
34905724
34906623
34906656
34906886
34906901
34907035
34907120
34907157
34907162
34907164
34907169
34907172
34907204
34907345
34907414
34908107
34908216
34908452
34908514
34909124
32814877
32895487
32901121
32913227
32929216
32929218
32968199
33274736
33403385
33493581
33502806
33506255
33590773
33596811
33600051
33623121
33727589
33821668
33824475
33857404
33929392
33982889
34003544
34016842
34048740
34079080
34098726
34135062
34153339
34171392
34277634
34308752
34320900
34323178
34323695
34364922
34414854
34428251
34453890
34478796
34481903
34550632
34555594
34560092
34582376
34592314
34599966
34600885
34600886
34644536
34676980
34697072
34728538
34729919
34739847
34740634
34773364
34783303
34783632
34785732
34787301
34789768
34796909
34798064
34799978
34806650
34807493
34818974
34821374
34830080
34841428
34848471
34853296
34853310
34853315
34857740
34857760
34862361
34862368
34862372
34862394
34872023
34910726
34910906
34910912
34910916
34911015
34911544
34911552
34911832
34911834
34911869
34912458
34913078
34913465
34913773
34913989
34914337
32231180
32720790
32861626
32893175
33638154
33824472
33833398
33846573
33846574
33850265
33931868
33962630
34044650
34115105
34135066
34139860
34253647
34270461
34315224
34318683
34520980
34526609
34547626
34547627
34551282
34551340
34555669
34559973
34560002
34597997
34609285
34624572
34624573
34626803
34626802
34642310
34650217
34653676
34653678
34655977
34657129
34657130
34699606
34731628
34742920
34745118
34756996
34763165
34767243
34769235
34769281
34780645
34781202
34794910
34799660
34801935
34808498
34808500
34808501
34813676
34816661
34914635
34914638
34914791
34914893
34914964
34914965
34914969
34914972
34915136
34915882
34916289
34916485
34916487
34916847
34916848
34917045
34917148
34917199
34917202
34917510
34917890
34917906
34918396
34918847
34918962
34919141
34919285
34919331
33046427
33137205
33248443
33280498
33460027
33502468
33503507
33517563
33537917
33758062
33812060
33903120
33960694
33980131
34099490
34099494
34127813
34140641
34140642
34140643
34140644
34145060
34145399
34148056
34155343
34155345
34155348
34158377
34158578
34163028
34163029
34163032
34163033
34167949
34193942
34211088
34211090
34218271
34244606
34247190
34262130
34267330
34274947
34281492
34282274
34290402
34290714
34294846
34301766
34301769
34312488
34316028
34321603
34321604
34326467
34331014
34333551
34345012
34345013
34345014
34345015
34345016
34346845
34349244
34362797
34363022
34373436
34373577
34406791
34409953
34432482
34432492
34432494
34465901
34471235
34477476
34477483
34482792
34486474
34486487
34489549
34489551
34499007
34511598
34556814
34569056
34601505
34608265
34609966
34611311
34613789
34613798
34615995
34625711
34632667
34645979
34655614
34656562
34656650
34662580
34667150
34667275
34688635
34715270
34779408
34818876
34826189
34830034
34830347
34831374
34831427
34843988
34847358
34854226
34876565
34919637
34919671
34920123
34920184
34921037
34921137
34921145
34921586
34921595
33961797
34255829
34311082
34425214
34450266
34450268
34599982
34670117
34819350
34838592
34921745
34921839
34921867
34921979
34922339
32713242
32869873
32967481
33045891
33125780
33205519
33225366
33384174
33615520
34125393
34196940
34293353
34353856
34429326
34547820
34580062
34602486
34610220
34636136
34636482
34643044
34662438
34693527
34697900
34698450
34704358
34821009
34845229
34854520
34859261
34878647
34922601
34922631
34923044
34923106
34923485
34923573
34923889
34923985
34924500
34924755
34925016
34925023
34925032
34925225
34925319
34925506
34925522
34925523
34925646
34925694
34926237
34926291
34926459
34927228
34927513
34927544
34927777
34927784
34927789
32678307
32716602
32737443
32759968
32764647
32770107
32801355
32811973
32814878
32814880
32862769
32924718
33177163
33303565
33461070
33529652
33634966
33636024
33737086
33853508
33871149
33909988
33955459
34098061
34098062
34124276
34195294
34216689
34216690
34238178
34245303
34257576
34265397
34302919
34303763
34303764
34324862
34339800
34379822
34391879
34427646
34431132
34452999
34495753
34526965
34545968
34570619
34585824
34599168
34605059
34633138
34661963
34673103
34686752
34687766
34688515
34697370
34699621
34702928
34724245
34732852
34739154
34750987
34773076
34783198
34793551
34801668
34801669
34803485
34803487
34803495
34803496
34803501
34803506
34810221
34826159
34854396
34854397
34876574
34880217
34883204
34929342
34929442
34930169
34930287
34930316
34930376
34930675
34930894
34930901
34930905
34930912
34930914
34930918
34931135
34931755
34931765
34931867
34931871
34931960
31072129
31253047
31735077
32037864
32271641
33016900
33215510
33394312
33415607
33542193
33572344
33710653
33713358
33723747
33749639
33755320
33768585
33776905
33793074
33794525
33834880
33894019
33928666
33959097
34016053
34017078
34017080
34048700
34050266
34079082
34079084
34079090
34103685
34103686
34108034
34116704
34117362
34133792
34146484
34149172
34180760
34183367
34187303
34217785
34224319
34224325
34229060
34238129
34252487
34265398
34265399
34266345
34288816
34302921
34314754
34315248
34320372
34339801
34343636
34368871
34371129
34389433
34419501
34455220
34460330
34461437
34474245
34482023
34482026
34492159
34493279
34512147
34512150
34512151
34512155
34512171
34512173
34522212
34522232
34536556
34562520
34571083
34581822
34582976
34610416
34637843
34644545
34648881
34687791
34693980
34704819
34706936
34711683
34717064
34727954
34742871
34767926
34769029
34779485
34785595
34789577
34790039
34790050
34790052
34795058
34800614
34808393
34830297
34843575
34863279
34871740
34887419
34932801
34932819
34932851
34933092
34933195
34933455
34933640
34933678
34933911
34934045
34934440
34934442
34934450
34934452
34935056
34935123
34935260
34935307
34935912
34936032
34936223
34936288
34936294
34936297
34936303
32848200
33151462
33600548
33645622
33686240
33760339
33818827
33847425
33851774
34104112
34278441
34278471
34278482
34278506
34296285
34408754
34409922
34415232
34424807
34511033
34555274
34599829
34643163
34694864
34702049
34725437
34728620
34728626
34747636
34769098
34778745
34778900
34818971
34876558
34876563
34876564
34883033
34936535
34936717
34936872
34936874
34937497
34937502
34937563
34937609
34937832
34937878
34937919
34938119
34938121
34938610
34939084
34939225
34939978
34940839
34940950
33387246
33433838
33439458
33464998
33521860
33548006
33624224
33651309
33665757
33693540
33704464
33710444
33725236
33734022
33754289
33779513
33783327
33819732
33831808
33846346
33854102
33875576
33875577
33930933
33977871
34010016
34030589
34034634
34049478
34076811
34090323
34103010
34108052
34112743
34176282
34238765
34253692
34266450
34296474
34454908
34455909
34468258
34468265
34486677
34512545
34512666
34536775
34741030
34745557
34781815
34800749
34826170
34831044
34831084
34831091
34831226
34831298
34839358
34850664
34864645
34881179
34887360
34890367
34941574
34942190
34942272
34942305
34942311
34942528
34942624
34942999
34943028
34943057
34943089
34943250
34943970
34944004
34944037
34944058
34944075
34944103
34944458
34944699
34944742
34944790
34944818
34944877
34946859
34946880
34946965
34948101
34948122
34948154
34948204
34948395
34948431
34949159
34950207
34950209
34950211
34950224
34950596
34950682
34950770
34950859
34951005
34951337
34951340
34951345
34951719
32895884
33077905
33779882
33822652
33860124
33865922
33905036
33974163
34364983
34556771
34774556
34783294
34843932
34952004
34952204
34952473
34953047
34953057
34953165
34953275
34953447
34953448
33367814
34592902
34655744
34699756
34711122
34723715
34753384
34800694
34856848
34877498
34953860
34953918
34953943
34954155
34954499
34954694
34954927
34955656
34955743
34956398
34956421
34956453
34956475
34956481
34956482
34956484
34956491
34956559
34956562
34956880
34956884
34957112
34957298
34957482
34958003
34958029
34958111
34958117
34958294
31541182
31729464
32901127
33128918
33334871
33372050
33412228
33470057
33530829
33547867
33548094
33605510
33674764
33694332
33762177
33771536
33871651
33904383
33910495
33926817
33978928
34010636
34010639
34010646
34010654
34015095
34024034
34038725
34038729
34038735
34038737
34046684
34048060
34053876
34086186
34086556
34110962
34115333
34117611
34125401
34138410
34156640
34170494
34231239
34258298
34272738
34273187
34296800
34322898
34328198
34380438
34384787
34454450
34477472
34599505
34681655
34718921
34753953
34785655
34826703
34839191
34845377
34876695
34880207
34887379
34887392
34958692
34958891
34959084
34959221
34961461
34962086
34962339
34962430
32804340
32820233
32939058
33199830
33592542
33683171
33783609
33794727
33822672
33884962
33891266
33937266
34086379
34154626
34154657
34154701
34221233
34409658
34503377
34516334
34516344
34546840
34551673
34551684
34553694
34558385
34581696
34584188
34596622
34609698
34704601
34708891
34714955
34767671
34848347
34850961
34859735
34963484
34963485
34964205
34964438
34964862
34965023
32439866
32457485
32555352
32616906
32655129
33021020
33373440
33588886
33589816
33594087
33615521
33644928
33793918
33977679
33982290
34039939
34086948
34122720
34122724
34152411
34181233
34187905
34312968
34313957
34424481
34425095
34508910
34546211
34593874
34610268
34643340
34734406
34748255
34750325
34784311
34785776
34787071
34879284
34965191
34965215
34965271
34965411
34965422
34965427
34965724
34965835
34965935
34966429
34966442
34966670
34966948
34967266
34967274
34967276
34967278
34967279
34967697
34967706
34967898
34967918
31353965
32460619
32476569
32859993
33139818
33204001
33250514
33257740
33299139
33875234
34003966
34059575
34157933
34196265
34306321
34427057
34570675
34615962
34792626
34872002
34878149
34878161
34968160
34968167
34968461
34968576
34968780
34968781
34969354
34969357
34969359
34969853
34970341
34970350
34970351
34970354
34970357
34970415
34970490
34970545
34970695
34970696
34970999
34971149
34971161
32779957
33108931
33185125
33307856
33601221
33625109
33901943
33980844
34098485
34102455
34431595
34470571
34482802
34488538
34488545
34516316
34516342
34516355
34517782
34517787
34519257
34585826
34595819
34622526
34971706
34971708
34971719
34971908
34972249
32088728
32852789
32883110
33023331
33140469
33148508
33155406
33199826
33268481
33741715
34197737
34425183
34973275
34973276
34973299
34973349
34973370
34973391
33247967
34077730
34144977
34369620
34395181
34559933
34604955
34641746
34822842
34974159
34974185
34974476
34974521
34974534
34974535
34974798
34974803
34974804
34974806
34974815
34975151
34975297
34975313
34975322
34975328
34975828
34976139
34976140
34976151
34976153
34976171
34976174
34976175
34976178
34976182
34976187
34976194
34976223
34976224
34976325
34976433
34976438
34976441
34976785
34976797
34976842
34976998
34977006
34977026
34977182
34977284
34977878
34978047
34978269
34978464
34978518
34978519
34978772
33144090
33232741
33305404
33309710
33390847
33390850
33594155
33613117
33663010
33691908
33691909
33758355
33794133
33811432
33892301
33985544
34015413
34041718
34058292
34062195
34100182
34100183
34107246
34107258
34118309
34119603
34133925
34133934
34133937
34193837
34257594
34257616
34307695
34308771
34323980
34337085
34367463
34460347
34487377
34496829
34515327
34542165
34561619
34592660
34595849
34599436
34607390
34661273
34671086
34697449
34778942
34783622
34793336
34795452
34815381
34848680
34860160
34978893
34979376
34979422
34980127
34980138
34980170
34980201
34980204
34980214
34981113
34981783
34981812
32152552
32235916
32879469
32902022
32963358
33025624
33025678
33037684
33037865
33184450
33280146
33388421
33577031
33649471
33664479
33676025
33712741
33722502
33742136
33753902
33753903
33854239
33875796
33941870
33947971
33953349
33953350
33962073
33963314
33972717
33975030
33981809
33984719
33988719
34026451
34040167
34044364
34048322
34107313
34115259
34125645
34139323
34146477
34173804
34181232
34190001
34196584
34224334
34225780
34226680
34229543
34233586
34287099
34308776
34312797
34313533
34329593
34368874
34396427
34396448
34414458
34450627
34453719
34480525
34530115
34562248
34562256
34592762
34605021
34607487
34618923
34670478
34687205
34693625
34730201
34730202
34745083
34747116
34751119
34753771
34764205
34821000
34826187
34831066
34983194
34983307
34983308
34983361
34983535
34983591
34983831
34983881
34983926
34983946
34984190
34984191
34984578
34985374
34985387
34985712
34985721
34985768
32865675
32870256
33348024
33660790
33660795
33660796
33660799
33660806
33660813
33660818
33711490
33774129
33782973
33839256
33894312
33901298
33901578
33915247
33932497
33984486
33991018
33991615
34002487
34042256
34042273
34051063
34082012
34111521
34197957
34214250
34247316
34257820
34322848
34337857
34351577
34368861
34394829
34399695
34435636
34452627
34465343
34465361
34477918
34489160
34512673
34610959
34635983
34687431
34716429
34716872
34725461
34728806
34784010
34787848
34816392
34822133
34881777
34986326
34986332
34986481
34986654
34986743
34986757
34986861
34987184
34988028
34988077
34988161
34988188
34988230
34988390
34988407
34988676
34988755
34988856
34989116
34989130
34989253
34989308
34989314
34989875
34990040
34990050
32399910
32950103
32950104
32956626
33404279
33406405
33450386
33451909
33494814
33613970
33820740
33829438
33829439
33829443
33914044
33928604
33928605
33928606
33928608
33970189
33978709
34016787
34111559
34111560
34112731
34128958
34162147
34162151
34162155
34215846
34218230
34249474
34257412
34262144
34270989
34274534
34363018
34363019
34385679
34413485
34465890
34468010
34468014
34468015
34475349
34561473
34588543
34610759
34615877
34620745
34753802
34788615
34818258
34831186
34859139
34859815
34859847
34859848
34873899
34990303
34990401
34990405
34990588
34990740
34990753
34990795
34990937
34991445
34991621
34991623
34991683
34992146
34992218
34992221
34992498
34992672
34992681
34993160
34993348
34993814
34994490
32961143
32975614
33089960
33246036
33333289
33370590
33400379
33418009
33493381
33502823
33508876
33511769
33560543
33587353
33611824
33611825
33631181
33675611
33894273
33949774
33962228
34143366
34147851
34171521
34191077
34220338
34257520
34269011
34283251
34294609
34310913
34470826
34475212
34497156
34612013
34814703
34854215
34858390
34995814
34995817
34996491
34996840
34996981
34997181
34997215
34997217
34997317
34997457
34997725
34997887
34997902
33092465
34565303
34634995
34646377
34652251
34666602
34666613
34688828
34696660
34696668
34696684
34699314
34699320
34699325
34713767
34720049
34723781
34738869
34747309
34747314
34753397
34783290
34783292
34783627
34793263
34806925
34818994
34821196
34823421
34823423
34842045
34854353
34860147
34866524
34866525
34870560
34872448
34872452
34874225
34874224
34874227
34874810
34997970
34998158
33168699
33314660
33660414
33945069
34007068
34017102
34021267
34045668
34050318
34059798
34244426
34244427
34270733
34384932
34448213
34560189
34563636
34668101
34674391
34731788
34738865
34753389
34753396
34755264
34757596
34787052
34787343
34845242
34846647
34859819
34866322
34874324
34897470
34998390
34998399
34998421
34998818
34999170
34999183
34999254
34999395
34999731
34999895
35000027
35000151
35000421
35000531
35000595
35000752
35001075
35002525
35003083
35003215
35003317
35003355
35003358
35003362
35003371
35003396
35003515
35004133
35004265
35004274
35004677
35004680
35005012
35005034
35005549
35005769
35005829
35005835
33268037
33560148
33594062
33644832
33753119
33783988
33784016
33823186
33864025
33945659
34003569
34017061
34021255
34035464
34051007
34126643
34131310
34158609
34158631
34163012
34175897
34216514
34233203
34238324
34240756
34285335
34311140
34334119
34350661
34362424
34369267
34380537
34385357
34394002
34395636
34404733
34407842
34418232
34423048
34423051
34424120
34424812
34437815
34463194
34470574
34470582
34470587
34471223
34494934
34497345
34507637
34518647
34531509
34548615
34583623
34585626
34590156
34612138
34612153
34657557
34658294
34668620
34699311
34714590
34714604
34738458
34741373
34747340
34768749
34779502
34779712
34874914
34888849
35007433
35007762
35007826
35007926
35008419
35008435
35008480
35008534
35008544
35008557
35008634
35008676
35008716
35008734
35008751
35008809
35008854
35008856
35008980
35009001
35011132
35011574
35011620
35011668
35011710
35012438
35012441
35012442
35012539
35012615
35013116
35013118
35013126
35013128
35013132
35013134
35013144
35013149
35013153
35013159
35013218
35013220
35013841
35013864
35013887
35013925
35014092
35014213
35014620
35014669
35014672
35014684
35014686
35014946
35014985
32415261
32612153
33097834
33203937
33207226
33262314
33427025
33427027
33529753
33559506
33567921
33605558
33653921
33845072
33850055
33850054
33932136
33947796
34006303
34006608
34035143
34065512
34108663
34133001
34146645
34157350
34161168
34187934
34251884
34260923
34266873
34282727
34321321
34343028
34374662
34380780
34387848
34413925
34422215
34428509
34428354
34453126
34455769
34480147
34556885
34619292
34624438
34655661
34668583
34682295
34697388
34728702
34728784
34732818
34734756
34737337
34737423
34750358
34753906
34759262
34759263
34767742
34768829
34769507
34772913
34775498
34775599
34815382
34815802
34836938
34845330
34852209
34859820
35015607
35016033
35016264
35016493
35016595
35016717
35016888
35017014
35017116
35017203
35017437
35017438
35017464
35017465
35017523
35017646
35018235
35018436
35018513
32780449
32881074
33380466
33442719
33491257
33682985
33767435
33784796
33848686
33863999
33875786
33888868
33890983
33958720
33958724
33962568
33972683
33972684
33982450
34117764
34131022
34147072
34158398
34191006
34218464
34236635
34246804
34254453
34302891
34312289
34389690
34396430
34396433
34396443
34396445
34405771
34474167
34593610
34652536
34654847
34663825
34706096
34709507
34716858
34730182
34741086
34743206
34745323
34750516
34750518
34759307
34759344
34761265
34772438
34773072
34787682
34842937
35020418
35020443
35020847
35020848
35020881
35021067
35021086
35021089
35021096
35021150
35021946
35022235
35022391
35022505
35022519
35022544
35022570
35022996
35023001
35023444
35023587
35023619
35023690
35023957
35024096
35024240
35024244
35024322
35024436
35024489
35024572
35024765
35025075
31942037
32543276
32627648
33144711
33339957
33372873
33380310
33515898
33517196
33517197
33525953
33549845
33650224
33724150
33755848
33792408
33822016
33834359
33837882
33856598
33858314
33879018
33970779
33973090
33981001
33986510
33999341
34018078
34046810
34062268
34098197
34139308
34139980
34146302
34161765
34161771
34161773
34173041
34174548
34192545
34192547
34192548
34224297
34225636
34228857
34229087
34229599
34233182
34233190
34233198
34238204
34238215
34240140
34245860
34251962
34252536
34256097
34260911
34260913
34260926
34260932
34260935
34260936
34260941
34260942
34265414
34271087
34274651
34274968
34280495
34284540
34289350
34289353
34291417
34298089
34301174
34302955
34320268
34320342
34333083
34339541
34339855
34348143
34348155
34348161
34369270
34379189
34380027
34380030
34380035
34407394
34409556
34414456
34414457
34433035
34433060
34448450
34479475
34486497
34487815
34516310
34516354
34519263
34525946
34546460
34572527
34601098
34602532
34628721
34628789
34659262
34663225
34671931
34673141
34675258
34693860
34697383
34721432
34749662
34764323
34804040
34821550
35025607
35025943
35026230
35026283
35026348
35026645
35026768
35027053
35027451
35027542
35027543
35027562
35027670
35027733
35027735
35027734
35027933
35027982
35028010
35028708
35029095
35029277
35029289
35029520
32818571
33247987
33269540
33305480
33400016
33449298
33459966
33497018
33512745
33613102
33613103
33613108
33742994
33742995
33893298
33927350
33929990
33931740
33931741
33931967
33931981
33941853
33960108
33967958
34048990
34052089
34102651
34255190
34319763
34336002
34427871
34427978
34431044
34500436
34518440
34518442
34573315
34573382
34573442
34726071
34731560
35030351
35030644
35030964
35030969
35030974
35030977
35031323
35031518
35031573
35031788
35031966
33215753
33264433
33372703
34680946
35032557
35032684
33402732
33446568
33484385
33531645
33531646
33725277
33843021
33864612
33886117
33904112
33907980
34129195
34234773
34269397
34302635
34439090
34550549
34554391
34586620
34708859
34739188
34747141
34774047
34778905
34828265
34847835
34881782
34888946
35033060
35033084
35033353
35033632
35033667
35033815
35033869
35034103
35034256
35034519
35034538
35034539
35034547
35034548
35034562
35034631
35034634
35034964
35034965
35035482
35035663
35035684
35035697
35035705
35035750
35035814
35035817
35035856
35036050
35036052
35036057
35036072
35036112
35036160
35036867
35036997
35037047
35037107
35037515
35037538
35037550
35037691
35037826
35037833
35037835
35037949
35038059
35038060
35038196
32597296
32972267
32985331
32998623
33054489
33151000
33179372
33306126
33308119
33450091
33450101
33476715
33478874
33495099
33517853
33524472
33567272
33600948
33607255
33607258
33621359
33686892
33744467
33744470
33789360
33818859
33845716
33871770
34050636
34058933
34126361
34139630
34143694
34153655
34160745
34192661
34197030
34240204
34240584
34246852
34246986
34264867
34270850
34273804
34273914
34288216
34288252
34293716
34294459
34321385
34329839
34355355
34433058
34457087
34469723
34469737
34469738
34471058
34490480
34494555
34496413
34503385
34524611
34525355
34544449
34549308
34551291
34551796
34551797
34562008
34587717
34587716
34600974
34623609
34648865
34687796
34697393
34699986
34706275
34707101
34718169
34723325
34809717
34878135
35038357
35038382
35038452
35038560
35038704
35038705
35038740
35038953
35038955
35038974
35039060
35039483
35039634
35039635
35039872
35040271
35040952
33243628
33341002
33385377
33459113
33481703
33507149
33543443
33599613
33629656
33646118
33713376
33793053
33840587
33853662
33932446
34028973
34039517
34047500
34057794
34107168
34146197
34192708
34324442
34358447
34403363
34476500
34476503
34476506
34499617
34511037
34511042
34515612
34516333
34516362
34519634
34551290
34551297
34558634
34558636
34558641
34558644
34592149
34592152
34610303
34610306
34610308
34627697
34630429
34669021
34681812
34686341
34686346
34686350
34706239
34718002
34731602
34731629
34731635
34758305
34758308
34758320
34758330
34766472
34793611
34804062
34811416
34818543
34818544
34858422
35041461
35041486
35041644
35041806
35042119
35042949
35042950
35042954
35043374
35043644
35043728
35043753
35044041
35044231
35044439
35044621
35044632
33176626
33340658
33340661
33383157
33416495
33416496
33432928
33438581
33444777
33459596
33465404
33475084
33475085
33475086
33637448
33639023
33705894
33737240
33767587
33798630
33939677
34048366
34160887
34223779
34245648
34245780
34288405
34388291
34515176
34617574
34633056
34664678
34694913
34698358
34698359
34753799
34780285
34785791
34792485
34817752
34824296
34873439
34879266
35045286
35045292
35045297
35045331
35045360
35045633
35045733
35045800
35046382
35046387
35046398
35046400
35046516
35046680
35046889
35046941
35047492
35047556
35048354
35048565
35048778
35048795
35048968
35049148
35050429
35050465
35050556
32989241
32999468
33024274
33037394
33082514
33082515
33082516
33110214
33705986
33742315
33826947
33830083
33838353
33881703
33892399
33940568
33991762
34002462
34002485
34042286
34047477
34098015
34234930
34270000
34314739
34327529
34428587
34488621
34530740
34580177
34599338
34618120
34667079
34741605
34819358
34870453
34875852
34890627
35050901
35051418
35051432
35051534
35051616
35052415
35052597
35052618
35052701
35052722
35052738
35053270
35053335
35053380
35053428
35054891
35054927
35054986
35055037
35056756
35057851
35058288
35058442
35058597
35058607
35059720
35059924
35059968
35060119
35060166
35060347
35060363
35061304
33327804
33515696
33860639
33867818
33867821
33867828
33867837
33871153
33941855
33941854
34051087
34370878
34474149
34494305
34734088
34775484
34778448
34782718
34782720
34785778
34865098
35061665
35062066
35063135
35063407
35063587
35063752
35063764
35063767
35064102
35064108
35064305
35064336
35064377
35064409
35064454
35064469
35064471
35064540
35064619
35064752
35064892
35064898
33480984
34742256
35065132
35065166
34001648
34031216
34096775
34310951
34495369
34735734
34783868
34797485
34849563
34851489
34856331
35065674
35065924
35065962
35065966
35066091
35066290
35066433
35066566
35066576
35066669
35066738
35066747
35066776
35066809
35066967
35067156
35067295
35067718
35067783
35067795
35067807
35068163
35068331
35068341
35068350
35068373
35069527
35069531
35069550
35069570
35069587
35069685
35069784
35069821
35069823
35069871
35069872
35069876
35069903
35069905
35070212
35070402
35070756
35070891
35071413
35071422
35071464
35071469
35071487
35071492
35071747
35072515
35072529
35072651
35072776
35072845
32782380
32929213
33049034
33100324
33110216
33116296
33139930
33162555
33168956
33547612
33771884
33788631
33822440
33846350
33885171
33885186
33926524
34020163
34039026
34112215
34120462
34157307
34237654
34258925
34339707
34339961
34353330
34358482
34385891
34392614
34403518
34403532
34419074
34425033
34448115
34476495
34476497
34493304
34676588
34780888
34874278
35073278
35073549
35073820
35073964
35074341
35074429
35074616
35075102
35075114
35075115
35075117
35075244
35075279
35075301
35075362
35075389
35075548
35075615
35075728
35076182
35076836
35076962
32015466
33263223
33295145
33296140
33314669
33326690
33331071
33368965
33372376
33514855
33547232
33574130
33657382
33691110
33789098
33789105
33789117
33818283
33957091
34085179
34145485
34169384
34191246
34195933
34228237
34231109
34235595
34273068
34324140
34325277
34330309
34351558
34370169
34374892
34491544
34519940
34526379
34761005
35077201
35077478
35077859
35077860
35078033
35078109
35078194
35079021
35079118
35079347
35079411
35079871
35079913
35079920
35080031
35080085
35080104
35080244
35080333
35080342
35080740
31767975
32748349
33459949
33545050
33555506
33592173
33597203
33611744
33730565
33730578
33730584
33730592
33759343
33824459
33833407
33850312
33859345
33980247
33985619
33990028
33994531
34272357
34273154
34274951
34286671
34290239
34301921
34318428
34321149
34333526
34333527
34341330
34349120
34365463
34381017
34460057
34462427
34462429
34471096
34475393
34480022
34480024
34482375
34488224
34493358
34504059
34511602
34521817
34545936
34588094
34608126
34663368
34767673
34831007
35080973
35080984
35080988
35081346
35081502
35081536
35081724
35081855
35081872
35081873
35082159
35082283
35082399
35083026
35083143
35083181
35083300
35083555
35083625
35083664
35083842
35084016
35084431
35084460
35084609
35084640
35084653
35084661
35084673
32632205
33409877
33481334
33583123
33721916
33819360
34050113
34102644
34110517
34118612
34213736
34301920
34315861
34321465
34321461
34326314
34387789
34403009
34406553
34521054
34528223
34559922
34607973
34616498
34630738
34645792
34668273
34735003
35085106
35085550
35085551
35085578
35085590
35085770
35085772
35085891
35085892
35085910
35086136
35087196
35087512
35087570
35088224
35088239
35088289
35088373
35088561
35088579
35088877
35088888
35088922
35089323
35089329
35089338
35089423
35089495
35089546
35089659
32762546
32783743
33031845
33247214
33472079
33472080
33503415
33686766
33767433
33942238
34000873
34021861
34078519
34092081
34121038
34133012
34238665
34266696
34362591
34362680
34373133
34373753
34399990
34404765
34404767
34406846
34420039
34429400
34446703
34465322
34515320
34515321
34515323
34523692
34533201
34558639
34558642
34558654
34643674
34661851
34702176
34717687
34719090
34747545
34747973
34799661
34802034
34816499
34816539
34819634
34826027
35089787
35089807
35090076
35090098
35090376
35090377
35090386
35090521
35090549
35090882
35090967
35091323
35091451
35091534
35091544
35091545
35091576
35091687
35091692
35091793
35092119
35092191
35092560
33067265
33069768
33422522
33501603
33563652
33627786
34021046
34158860
34315884
34332079
35092699
35092745
35092863
35092867
34274194
34432732
34483150
34716993
34750028
35093061
35093117
35093173
35093305
35093327
35093591
35093630
35093804
35093936
35094010
35094018
35094251
35094292
35094303
35094651
35094653
35094659
35095494
35096015
35096062
35096064
35096137
35096272
35096613
35096622
35098371
35098394
35098408
35098439
35098525
35098646
35098666
35098684
35098869
35099008
35099557
35099607
35099637
35099830
32930970
32948832
33057139
33223523
33230258
33277615
33347907
33393590
33400013
33450324
33508370
33645623
33658455
33682891
33729484
33767426
33895173
33899079
33955199
34157911
34181495
34238213
34271014
34278704
34314948
34323408
34323419
34323631
34325316
34339487
34339965
34400288
34415065
34427853
34484568
34486645
34490833
34495404
34514592
34517880
34533198
34541678
34553380
34560900
34603558
34643247
34645092
34661743
34706199
34748047
34758708
34773443
34773548
34783628
34792688
34821002
34823432
34837450
34873829
34876703
34894065
34929177
35100065
35100079
35100080
35100082
35100093
35100352
35100495
35100978
35101035
35101055
35101451
35101541
35102180
35102250
35102251
35102488
35102545
35102644
35103069
35103378
35103454
35103856
35103914
35104011
35104050
32359191
32380568
32555442
32786121
32889668
32931887
32968928
33099847
33142356
33196296
33278514
33297755
33315502
33345740
33356805
33371778
33380238
33387208
33405003
33446013
33505109
33505117
33505119
33522352
33557670
33570445
33630076
33648424
33660570
33677577
33724167
33751805
33793870
33818282
33843426
33896391
33904366
33934686
33941183
33942704
33944652
33944676
33949284
33955315
33955831
33958547
33975517
33999777
34002665
34002676
34003330
34027794
34034626
34057016
34077295
34082648
34082653
34089461
34098850
34107852
34107856
34115554
34115567
34115574
34124998
34130593
34147913
34205274
34209401
34232111
34251959
34259839
34282309
34282711
34288797
34288800
34288823
34288826
34319904
34324657
34334085
34370683
34389400
34425560
34426559
34455406
34463208
34519373
34536429
34537760
34552038
34554676
34554926
34555810
34560673
34565286
34582362
34585634
34587874
34592889
34595994
34605350
34605738
34606414
34606420
34607512
34612136
34612146
34612783
34618022
34628001
34629037
34632938
34635014
34637688
34651659
34652260
34654353
34657551
34657558
34658308
34670480
34672237
34672248
34694211
34696702
34696771
34697986
34698001
34700017
34702444
34704918
34706749
34706761
34707683
34711117
34712356
34723778
34726120
34727092
34730058
34755577
34761722
34767669
34775375
34775378
34850055
34860809
35104164
35104174
35104452
35104454
35104574
35105170
35105670
35105806
35105853
35106560
35106941
35107381
35107754
35107755
35107852
32975761
33169349
33170442
33535043
33535045
33536383
33560419
33596420
33596428
33764451
33769725
34060226
34085745
34101965
34114341
34125994
34153312
34159626
34190406
34272822
34272987
34286462
34341870
34536269
34586488
34615853
34642302
34642304
34645789
34645797
34650035
34650049
34663788
34663797
34665305
34667156
34667159
34667160
34671012
34671022
34711817
34718336
34718338
34725334
34728613
34732693
34741014
34741026
34743185
34810200
34856026
35108116
35108370
35108418
35108421
35108539
35108640
35108712
35108856
35109236
35109756
35109794
35109802
35109823
35109842
35109849
35110470
35110531
35110535
35110542
35110544
35110552
35110683
35111054
35111067
35111150
35111226
35111679
35111744
35111747
35111811
35112252
35112462
35112651
35112970
35112981
35112982
35112985
35112997
35113000
35113157
35113417
35113418
33359755
33372411
33393230
33400290
33406263
33491566
33531691
33589748
33741962
33942856
33969374
34028500
34032330
34046994
34073293
34100862
34114724
34120407
34137789
34143182
34160549
34185245
34244973
34245441
34263426
34288396
34325342
34328246
34338995
34343821
34357569
34369033
34369042
34371180
34386930
34472153
34533066
34547464
34552050
34552061
34556635
34561421
34564711
34580281
34584067
34588420
34599154
34601488
34601496
34611140
34615595
34643076
34654719
34686190
34765013
34777569
35113786
35113960
35114100
35114192
35114215
35114313
35114566
35114641
35115027
35115400
35115484
35115487
35115495
35115499
35115505
35115540
35115556
35115654
35115926
35116264
35116304
35116341
35116358
35116405
35116410
35116432
35116434
35116451
35116608
35116655
35116658
35116675
35116677
35116678
35116702
35116705
35116709
35118144
35118193
35118194
35118363
35119587
35119658
30843452
31552791
33081599
33118080
33548387
33637127
33742335
33822264
33839325
33844396
33878909
33880508
33994260
34076840
34137197
34160901
34187569
34197691
34348893
34462553
34465889
34465891
34478013
34481875
34497381
34509929
34510400
34511601
34536366
34554376
34561554
34561764
34595724
34608568
34623552
34635817
34689394
34752923
34853466
35119917
35120903
35120969
35120997
35121200
35121374
35121659
35121826
35121990
35122056
35122073
35122570
35122599
35122633
33539225
33588071
33723227
34184786
34338972
34436746
34581931
34582006
34633595
34661812
34748042
35122989
35123266
33667646
33845141
33894310
34313969
34664331
34808335
34877814
35123415
35123484
35123530
35123924
35124008
35124166
35124178
35124181
35124373
35124427
35124461
35124548
35124617
35124696
35124697
35125808
35126113
35126185
35126619
35126622
35126623
35126637
35126697
35126706
35126724
35126805
35126811
35126820
35126901
35126924
35126933
35126958
35127170
35127282
35127343
35127380
35127512
35127712
35128082
35128538
35129056
35129221
35129574
35129808
35129819
32719988
33388376
33410459
33539892
33565098
33713751
33746084
33774143
33893729
33919055
33982231
34016746
34028661
34037971
34076838
34086253
34120306
34158392
34158395
34343500
34352236
34375627
34464666
34464885
34481142
34492536
34586732
34586733
34586738
34614409
34616853
34646427
34650661
34676879
34692852
34698362
34706306
34715819
34807471
35130572
35130573
35130618
35130620
35130629
35130632
35131382
35131384
35131594
35132180
35132380
35132534
35132566
35132915
35133032
35133054
35133629
32532171
32628059
33481135
33604734
33649796
33686550
33765367
33895326
33910004
33910019
33940159
33993322
34153159
34185412
34185419
34212407
34337862
34350095
34498706
34498707
34498712
34580724
34581937
34589382
34609952
34623561
34652441
34686504
34686506
34743685
34773179
34797493
34812269
34850922
34865139
35134322
35134674
35135230
35135443
35135809
35136024
35136029
35136032
35136034
35136037
35136045
35136075
35136419
35136989
35136993
35137157
35137179
35137264
35137328
35137449
35137483
35137600
35137670
35137671
35137928
35138470
35138580
33148101
33233986
33283575
33434948
33711164
33778212
33878446
33993846
34067416
34098071
34160338
34331392
34346534
34401962
34406548
34427876
34476924
34476933
34493899
34524595
34529353
34708547
34741382
34839796
34841287
35138904
35139225
35139491
35139734
35139769
35140065
35140269
35140331
35140333
35140544
35140622
35140744
35141006
35141020
35141045
35141164
35141227
35141790
35141958
35142288
35142579
35142592
35142595
35142692
35143103
31608712
33226073
33296942
33473168
33564883
33914026
33933636
33940617
33951433
34223980
34278519
34278744
34310076
34357372
34376581
34435195
34436665
34454554
34508625
34515297
34634213
34634218
34634227
34727409
34761662
34780678
34818025
34837929
34849149
34853603
34870557
34873417
34878965
34881629
34882856
35143426
35143476
35143696
35143931
35144091
35144475
35144597
35144617
35144666
35145029
35145145
35145187
35145325
35145900
35146902
35146917
35147250
33569599
34223709
34282068
34610962
34651657
34702201
34731249
35148461
35148667
35148687
35148834
35148846
35149088
35149174
35149188
35149588
35149670
35149697
35149723
35149732
35149775
35149839
35150405
33459340
33871656
35150479
35150569
35150745
35150809
35151242
31355610
33444480
33527539
34330701
34632930
35151335
35151693
35151832
35151899
35152003
35152215
35152263
35152275
35152529
35152537
35152838
35152842
35152853
35154100
35154161
35154166
35154253
35154431
35154442
35154444
35154457
35154458
35154459
35154460
35154463
35154476
35154481
35154488
35155233
35155446
35155573
35156232
35156240
35156481
35156508
35156513
35156514
35156516
35156520
35156543
35156680
35156681
35156729
35156897
35157180
35157222
33405091
33526870
33536604
33755595
33818249
33852805
33914383
33932961
33945508
33986196
34060486
34288373
34296520
34302879
34337858
34346162
34350711
34363438
34453440
34481218
34509805
34605097
34606682
34610483
34698360
34766670
34777696
34779995
34825931
35157928
35157958
35158021
35158210
35158730
35159062
35159073
35159173
35159261
35159317
35159398
35161234
35161435
35162941
35162959
35163043
35163244
35163437
35163556
35163585
35163649
35163707
35163710
35163786
35163809
35163828
35164634
35164653
35164656
35164665
35164915
35165254
35165280
35165289
35165511
35165513
35165519
35165858
35166006
35166053
35166074
35166173
35166206
35166439
35166647
35166691
35166830
35166845
35166984
35166986
33347625
33420414
33734395
33774278
33859759
33932085
33945794
34003583
34158391
34183450
34183451
34195792
34257081
34257080
34296808
34342229
34475991
34476004
34607003
34698116
34739190
34749766
34749775
34753494
35167328
35167433
35167651
35167730
35167876
35167937
35169125
35169128
35169159
35169254
35169297
35169903
35170354
35170373
35170375
35170388
35170427
35170865
35171230
35171268
35171402
32970880
33345395
33508123
33637885
33751053
33764465
33987822
34019714
34118948
34270841
34288211
34288238
34288245
34296787
34314079
34347977
34347980
34370360
34427967
34428336
34431214
34431227
34510715
34514705
34541816
34545586
34608953
34608955
34618053
34618149
34665465
34708395
35171714
35171955
35172032
35172150
35172151
35172162
35172278
35172671
35172677
35173110
35173161
35173309
35173455
35173481
35173526
35173529
35173533
35173535
35173544
35173553
35173840
35174103
35174294
35174471
35174545
35174767
35175496
35175670
31813289
33588662
33691558
33838073
33849377
33910455
33932144
33938392
33973103
34116927
34173718
34180077
34180119
34184814
34190420
34192359
34197043
34313548
34338955
34346000
34351574
34353698
34388475
34388478
34406574
34504639
34504644
34512872
34560818
34592792
34618051
34675184
34686655
34689164
34697293
34702807
34702815
34707111
34868528
35041539
35176127
35176204
35176421
35176707
35176871
35176937
35176940
35176941
35177003
35177031
35177210
35177582
35177609
35177623
35177789
35177851
35178446
35178834
35178836
35178865
35179079
35179253
35179443
35179516
35179670
35179718
35179811
32533103
33453168
33564100
34272834
34292652
34303919
34337864
34414664
34596215
34625086
34635142
34645486
34671198
34671214
34674723
34718606
34740384
34773219
34773997
34774019
34774846
34775541
34775955
34789303
34789312
34798882
34837628
34839459
34870753
35180020
35180231
35180673
35180913
35181339
35181613
35181619
35181635
35181676
35181869
35181997
35182051
35182065
35182388
33334123
33526712
34255617
34374639
35182481
35182679
35182723
35182941
35182956
35182974
35183057
33530884
33752236
34618107
34807487
35183222
35183226
35183714
35184134
35184139
35184186
35184380
35184403
35184431
35184643
35184646
35184652
35184666
35184675
35185342
35185915
35186080
35186188
35186236
35186244
35186455
35186922
35186948
35187064
35187743
35187800
35187863
35188198
35188401
35188404
35188441
35188449
35188450
33951476
34310900
34347392
34350720
34363324
34382339
34405537
34409736
34563222
34636091
34709758
34709763
34709767
34716295
34716304
34732848
34758762
34779493
34795395
34837150
34854011
35188872
35189053
35190642
35190753
35190817
35190902
35190931
35190998
35191199
35191464
35191554
35191555
35191803
35191809
35191952
35192037
35192146
32632270
32719443
32753631
33515675
33616649
33616669
33847006
33860086
34287617
34382905
34539244
34642952
34647615
34655124
34670864
34698372
34734243
34741317
34774078
34873433
35192416
35192681
35192696
35192807
35192892
35192930
35192933
35193469
35193567
35193602
35193647
35193668
35193953
35194174
35194188
35194191
35194440
35194735
35194762
35194770
35195778
35195809
35195816
35195911
35195960
33230261
33245190
33268814
33328570
33328571
33462405
33469229
33469231
33495554
33504946
34048566
34081870
34109575
34197720
34369711
34369713
34435542
34551709
34602056
34666672
34696659
35196185
35196318
35196483
35196489
35196497
35196590
35196650
35196865
35196982
35197112
35197128
35197448
35197459
35197460
35197472
35197550
35197566
35197608
35197629
35198024
35198058
35198059
35198077
35198364
35198444
35198556
35198740
35198876
35198878
35198891
35199132
35199454
35199870
35199935
35199939
35199941
35199943
35200096
35200103
35200104
35201457
35201476
35201478
35201567
35201653
35201663
33563064
33976119
34057012
34110955
34228494
34380509
34429073
34553339
34569498
34605942
34633468
34649584
34851490
34861846
35201967
35202001
35202085
35202674
35202706
35202796
35202986
35203255
35203270
35203384
35204145
35204692
35205304
35205327
35205342
35205628
35205710
35205713
35209928
35209949
35210392
35210408
35210412
35210431
33486894
33600884
34259830
34347016
34547134
34710881
34793709
34851506
35217336
35219069
35220170
35227681
35231723
35240232
35240295
35246016
35246069
35246136
35246224
35246504
35246513
35246514
35246517
35246520
35246531
35247097
35248054
35248107
35248684
35248705
35249107
35249109
35249128
35249453
35249460
35250566
35250844
35251300
35251343
35251354
35251369
35251568
35251709
35252011
35252218
35252555
35253153
35253306
35253323
35253629
35253975
35254105
35254208
35254597
35254654
35254656
35254663
33839758
35216969
35240162
35259424
35271390
35276240
35278832
35286917
35289315
35305236
35305311
35305523
32975519
33549579
33706682
33719895
33779167
34147470
34155619
34326297
34559955
34738714
34738872
34783233
35216388
35216482
35228694
35231606
35238669
35241106
35255377
35255935
35260880
35276183
33704624
33738672
33782806
33782807
33886462
33964139
34270823
34273723
34411323
35218706
35218773
35219877
35231557
35257899
35259352
35276119
35278814
35279480
35279586
35287556
35288194
35292358
35293661
35299056
35301175
35304174
35306026
35306433
35306455
35313225
35313261
35314168
35316763
35325644
35325806
35326457
35326503
35327383
35327465
35327602
35327666
35327987
35328023
35328298
35328400
35328424
35328513
35331835
35333296
35333566
35333683
35333695
35333696
35336696
35336819
35337381
35338113
35338123
35338124
35338151
35338235
35338828
35339472
35339488
35339759
35339891
35339896
35340210
35340414
35340555
35340746
35340869
35341446
35341461
35341776
35341968
35341975
35342335
35342338
35342346
35342350
35342353
35342355
35342356
35342398
35342401
35342408
35342411
35342412
35342417
35343082
35343092
35343383
35343654
35344216
33323968
33904361
33993848
34027766
34030529
34042547
34060391
34121556
34126893
34142881
34151668
34184952
34274429
34282692
34371139
34380584
34391823
34402705
34423698
34431433
34435525
34435526
34448644
34455968
34500038
34533429
34587879
34633248
34783160
34818056
34858081
34868829
35213720
35216380
35219686
35222741
35235424
35241778
35247439
35266369
35273154
35278064
35278612
35290180
35293097
35295962
35306025
35316145
35316673
35316874
35317779
35317842
35317841
35322810
35332131
35334277
35338829
35339026
35344430
35344434
35345586
35345650
35345660
35345980
35346060
35346195
35346238
35346324
35346361
35346372
35346830
35347223
35347427
35347477
35348268
35348274
35348292
35348293
35348441
35348747
35349097
33827814
34185281
34343153
34385359
34583064
34748526
34775495
34982576
35216681
35217034
35230873
35231445
35238915
35278365
35285389
35288145
35290083
35293963
35305977
35315437
35318338
35349303
35349375
35349489
35349697
35349706
35349725
35350536
35350588
35350590
35350655
35350667
35350836
35350838
35350980
35351042
35351053
35351128
35351142
35351403
35351580
35351581
35351855
35351858
35351862
35352412
35352617
35352878
35352891
35353339
31686542
33394184
33481014
33596642
33994848
33994849
34266430
34652691
34773593
35274300
35277183
35292107
35293568
35325509
35353623
35353806
35354042
35354119
35354145
35354479
35354542
35354753
35354789
35355828
35356205
35356685
35356800
35356984
35357550
35357586
32897512
33025417
33203292
33601054
33601056
34007244
34232332
34850542
35220889
35230909
35239453
35258413
35279683
35279684
35279688
35287551
35289335
35302851
35307350
35358005
35358174
35358280
35358396
35358540
35358680
35358766
35358777
35359144
35359381
35359405
35360268
35360844
35361144
35361385
35361481
35361778
35361799
35362297
35362387
35362478
35362545
35362548
35363088
35363256
32694755
33053230
33155500
33161527
33275877
33421511
33421513
33444648
33450304
33526588
33576454
33616251
33648937
33709453
33869785
34272506
34582743
35152446
35212607
35212609
35213273
35220872
35226830
35227173
35236255
35240920
35240924
35259051
35260044
35264203
35264782
35271909
35288557
35296649
35301318
35302694
35304440
35307376
35307486
35307730
35315340
35315492
35320000
35363524
35363898
35363937
35364057
35364136
35364458
35364751
35365182
35365349
35365444
35365601
35365657
35365663
35365782
35366056
35366132
35366151
35257808
35293311
35306138
35366279
35366388
35366541
35366615
34618999
34663177
34907034
35218109
35231444
35237256
35322290
35334159
35366685
35366755
35367194
35367291
35367340
35367412
35367424
35367823
35368029
35368699
35368795
35368894
35369338
35370458
35370461
35370472
35371302
35371306
35371310
35371316
35371326
35371339
35371977
35372039
35372071
35372504
35372814
35373703
35377267
35377441
33709299
33786745
33900537
34230481
34306997
34336555
34342639
34366326
34606743
34657232
34731364
34796452
34873301
34985967
35212455
35227287
35236289
35237695
35242497
35259395
35260078
35260183
35279083
35301154
35304250
35310933
35310934
35320416
35338256
35377979
35377981
35377982
35378195
35378241
35378445
35378649
35379056
35379170
35379225
35379776
35379779
35379781
35379785
35379801
35379817
35380314
35380342
35380408
32031354
33165191
34185706
34855515
35225647
35261236
35271750
35283358
35287147
35294872
35301863
35302171
35380877
35380918
35381294
35381326
35382569
35382692
35383144
35383152
35383155
35383293
35383533
32804012
32876514
32910719
32917126
32972302
33043774
33078654
33112705
33190588
33213267
33586867
33654226
33674778
33913671
33916325
34045663
34099657
34386489
34547965
34555985
34593815
34642466
34743205
35210604
35234260
35244724
35279443
35286868
35313568
35320827
35386287
35386623
35389764
35389828
35390315
35390449
35390516
35390676
35390677
35391558
35391781
35391917
35391932
35392078
35392146
35392228
35392234
35392763
35392782
35392784
35392925
35392973
35393008
35393404
35393539
35394046
35394254
35394671
35394683
35394699
35394705
33577860
33811578
33847380
33945031
34144984
34162535
34172439
34452908
34580885
34743406
35216667
35216668
35217650
35220392
35222362
35222370
35227760
35263585
35263586
35263597
35269458
35269749
35269968
35269974
35293026
35294882
35303365
35306579
35318302
35318304
35318320
35319011
35319018
35320720
35320725
35322009
35322803
35330559
35332141
35385312
35385705
35387643
35387975
35387981
35387990
35388144
35394840
35394863
35395473
35395550
35395848
35396379
35396503
35396512
35396533
35396910
35255776
35258391
35258410
35266446
35266852
35282764
35282771
35282774
35285407
35285415
35287547
35290144
35291915
35291918
35294329
35297315
35300572
35311623
35385779
35397366
33395735
34185335
35217640
35217669
35228564
35397519
35397606
35397613
35397617
35397626
35397714
35398161
35398286
35398375
35398929
35399076
35399081
35399100
35399229
35399327
35399330
35399607
35399708
35399713
35399721
35399726
35399733
35401239
35401251
35401562
35401746
35401806
35401844
35401922
35401931
35402071
35402074
35402178
35402187
35402226
35402240
35402260
35402284
35402517
35402661
35402663
35402865
35403324
35403545
35403609
35403694
35403787
35403823
35403872
35404016
35404176
35404476
35404538
32762281
32900248
33744854
35241735
35296158
32888955
33545063
33754052
33903707
34174402
34287793
34497766
34497368
34555439
34623515
34723832
34796469
35297670
35300809
35338010
35405463
35405623
35411167
35411229
35412438
35412553
35412849
35412947
35412956
35413135
35413230
35413284
35413286
35413430
35413439
35413643
35413838
35413928
35414260
35414313
35414500
35414502
35414504
35414507
35414770
35414773
35414774
35414781
35414784
35414789
35414793
35415239
35415247
35415251
35416122
35416128
35416176
35416273
35416554
35416858
33756105
33990333
35276090
35280671
35280681
35280686
35320597
35324527
35406629
35406652
35406686
35406744
35408744
35408903
35408913
35408924
35408955
35409000
35409056
35409147
35409173
35409280
35409289
35409338
35409362
35409383
35410462
35411051
35411833
35411930
33571129
33597243
33608268
33627425
33627431
33674311
33731348
33762328
33762340
33789902
33827820
33827825
33855339
33863728
33931442
33952527
33962944
33962946
34539998
35230972
35236965
35239512
35247611
35256667
35256783
35259612
35264657
35277657
35304594
35307353
35313071
35318262
35406379
35406445
35406534
35410355
35418191
35418193
35418692
35418834
35419025
35419054
35419295
35419389
35419467
35419474
35419476
35420507
35420781
35420934
35420971
35420997
35421066
35421166
35421264
35421276
35421367
35421414
35421591
35421737
35422021
35422085
35422093
35422475
35422483
35422493
35422816
35422889
35422898
35422914
35422931
35425699
35425712
35426065
35426067
35426182
35426258
35426376
33523920
33536206
33547080
33571115
34254281
34741724
34859371
35235343
35236823
35236826
35236825
35256590
35290903
35385713
35417191
35417690
35417703
35417709
35418691
35427192
35427207
35427373
35427425
35427886
35427894
35428261
35428355
35428760
35429078
35429110
35429173
35405117
35418106
35429439
35429500
35429678
35429679
35429914
32658033
32826710
32859986
33219317
33230243
33262463
33273726
33311552
33431797
33462514
33510452
33523871
33558705
33568778
33574575
33602894
33637972
33664480
33686286
33723431
33742119
33742121
33742122
33742125
33758320
33758420
33758424
33772101
33795875
33986530
34155197
34237211
34352998
34487020
34510318
34588632
34608273
34611298
34741119
34743203
34815524
34845189
35217833
35230663
35241643
35277830
35296440
35318442
35332432
35385711
35417848
35430208
35430252
35430304
35430604
35430615
35430713
35431233
35431930
35432407
35432472
35432529
35432725
35433237
35433434
35433535
35433688
35433693
35433953
35433959
35433983
35434020
35434372
35434449
35434944
35435104
35435107
35435112
35435118
35435132
35435591
35436029
31495191
33764436
34238196
34282994
34432599
34436957
34562123
34562454
34695419
35220890
35230891
35235452
35244769
35273248
35322852
35436415
35436984
35436989
35436995
35437018
35437307
35437864
35437868
35437932
35438054
35438056
35438057
35438208
35438415
35438530
35438846
32960814
33130075
33385064
33442254
33442262
33442263
33447056
33447057
33447058
33447060
33447074
33761321
33771199
34796755
35265200
35316152
35325183
35439023
35439527
35439640
35439649
35439761
35439853
35440106
35440604
35440621
35440636
35440748
35440893
35441157
35441352
35441565
35441574
35441575
35441583
35441953
35442145
35442159
35442485
35442509
35442527
35442568
33122824
33122826
33122827
33128042
33149280
33469278
33469309
33469312
33469313
33469315
33469348
33469358
33469378
33488104
33488122
33488123
33488124
33488865
33490282
33500627
33500628
33500658
33505161
33506106
33519234
33519236
33520084
33536765
33536786
33542656
33542733
33551645
33553331
33553335
33564265
33564344
33568915
33568918
33569406
33569425
33569427
33569456
33574708
33585699
33598394
33603338
33603377
33603467
33603475
33603481
33603486
33604388
33604532
33613033
33623402
33623407
33623823
33628024
33628048
33628829
33642868
33642878
33650817
33650820
34647226
35255921
35259457
35278152
35278613
35279145
35442829
35443150
35443161
35443670
35443748
35443760
35443851
35443864
35443866
35444014
35444070
35444189
35444697
35444785
35444938
35445025
35445044
35445204
35445753
35446002
35446349
33401967
33492497
33654403
33654408
33654409
33654410
33654429
33658791
33658793
33658858
33664574
33664589
33688203
33688211
33688254
33708473
33718067
33718221
33718673
33728339
33732018
33732021
33737811
33737835
33747279
33747281
33747283
33747285
33748285
33758526
33763375
33776485
33776787
33777799
33790648
33790651
33791361
33814920
33814931
33817317
33824592
33833529
33833579
34028135
34169608
34585441
35257887
35274813
35299960
35311242
35323972
35337801
35447147
35447415
35448021
35448958
35449031
35449123
35449131
35449154
35449157
35449213
35449354
35450028
35450439
35450818
35451342
35451420
35451558
35451560
35451584
35451598
35451652
35451651
35451738
32336203
32586178
33325278
33352248
33459100
33461388
33499717
33507136
33541173
33586613
33706585
33722977
33752480
33764889
33841091
33842368
33842377
33842583
33842584
33850858
33850882
33850885
33850889
33854370
33854371
33854372
33854373
33854717
33880033
33883889
33889521
33907415
33907435
33907470
33911345
33911864
33911865
33911869
33911883
33928162
33937069
33948156
33953571
33953572
33953601
33953853
33958865
33958878
33968662
33969134
33976977
33977095
33977112
34435708
34591986
34843094
35279705
35314791
35452205
35452310
35452660
35452683
35452863
35452917
35452957
35452958
35452995
35453346
35453404
35453416
35453669
35454815
35455992
35456382
35456441
35456636
35456995
35457012
35457117
35458112
35459188
35459245
35459265
35459267
35459269
35459441
35459737
35459765
35459779
35459780
35460325
35460420
35460500
33798549
33981152
33981163
33986789
33987352
33987360
33994812
33995992
34007185
34007200
34007211
34007214
34012590
34012625
34012636
34012797
34017210
34026626
34036176
34040387
34040388
34040389
34040415
34040893
34045885
34045897
34046217
34054299
34055989
34056002
34057637
34079264
34079285
34094932
34096221
34113109
34113122
34113129
34113130
34113143
34113144
34113148
34123804
34135963
34140779
34140798
34163175
34163177
34163524
34164475
34164485
34164486
34165043
34177264
34178640
34178650
34178988
34183954
34188461
34188473
34188550
34194498
34194499
34194502
34195070
34195277
34195365
34220948
34221965
34221996
34222667
34234438
34234553
34234560
34239305
34239606
34239868
34249610
34249684
34250088
34262312
34267554
34268078
34268117
34268386
34276213
34276910
34277059
34277765
34277791
34277808
35460552
35460603
35460694
35461010
35461031
35461040
34718437
34888652
35287546
35291909
35293283
35294319
35300558
35300562
35300565
35311457
35313791
35322734
35322738
35322746
35322749
35322757
35322763
35325570
35332852
35405116
35461324
35461393
35461899
35462226
35462367
35463310
35463945
35463988
35464769
35464772
35465017
35465330
35465820
35465835
35465967
35466320
35466322
35466323
35466471
35466755
35467005
35467063
31851859
33274678
34277865
34295443
34295552
34295718
34295819
34295887
34305410
34306074
34306144
34306175
34306176
34307133
34307670
34307682
34322386
34326879
34335753
34335755
34335760
34336030
34336031
34336032
34336268
34336814
34349350
34350116
34350181
34354942
34373692
34376998
34377003
34381502
34381729
34385821
34386303
34393509
34394903
34395290
34395415
34408438
34408494
34413720
35218437
35228743
35230542
35279748
35286189
35306563
35337798
35418466
35468097
35468304
35468468
35468721
35468741
35468812
35468874
35468884
35468892
35468939
35468964
35469018
35469920
35470010
35471148
35471684
33906980
34238170
34422671
34430612
34430706
34435140
34447693
34455717
34465995
34471374
34475781
34484334
34484336
34484582
34485121
34485123
34485531
34497755
34511937
34512753
34513693
34531670
34531912
34532094
34532130
34532291
34532390
34532435
34532486
34540665
34552925
34553078
34880414
35222878
35271849
35281530
35288626
35310196
35388459
35411937
35472240
35472331
35472619
35473503
35473511
35473552
35473680
35474067
35474131
35474307
35474446
35474714
35475457
35475470
35475886
35476233
34562198
34567205
34582317
34584456
34584693
34584880
34594378
34604035
34604093
34616170
34616611
34616668
34621314
34621682
34631522
34632168
34632302
34632867
34650909
34660259
34671407
34675545
34675548
34675675
34675977
34703235
34711123
34712060
34722262
34722264
34722314
34775426
34803150
35233882
35244538
35258455
35272621
35281537
35296150
35317685
35411430
35412486
35476437
35476671
35476750
35476777
35477045
35477094
35477450
35477484
35477546
35477702
35477991
35478210
35478295
35478454
35478963
35479397
35480301
35480402
35480561
35480873
35480984
35481341
35481399
35482482
32079424
33402183
33684096
33899679
34158256
34212764
34356844
34370322
34414590
34456188
34477002
34636432
34663815
34699250
34733662
34733789
34733921
34733926
34733961
34733975
34733985
34737643
34737951
34745257
34745940
34749575
34764730
34768001
34778021
34778891
34785950
34790374
34790379
34790743
34790744
34790764
34790772
34790783
34790800
34795498
34804161
34804881
34805531
34815712
34820329
34824551
34848984
34853624
34858053
34858787
34868398
34868902
35262736
35273593
35297734
35304894
35309302
35325240
35410446
35483234
35483305
35483327
35483343
35483451
35483524
35483553
35484112
35484132
35484214
35484308
35484885
35484972
35484984
35484993
35485164
35485167
35485206
35485210
35485281
35485286
35485293
35485355
35485364
35486208
35486287
35486353
34294156
34876904
34876932
34880957
34887672
35246462
35305660
35312836
35318441
35332268
35338344
35486848
35486941
35487009
35487027
35487060
35487271
35487311
35487888
35487917
35488020
35488146
35488217
35488871
35488927
35489022
35232249
35307327
35410813
35489071
35489084
35489289
35489290
35489385
35489420
35489424
35490173
35490179
35490208
35490365
35490374
35490382
34480404
34542064
35213076
35316129
35490467
35490780
35490837
35490865
35490895
35490917
35491006
35491148
35491694
35491849
35491874
35492028
35493425
35493459
35493691
35494004
35494016
35494070
35494481
35494512
35494514
35494527
35495601
35496917
35497876
35498127
35498204
35498540
35499042
35499148
35499234
35499320
35499593
31984680
32796955
32814818
33096083
33145806
33421113
33565360
33657462
33679792
33684228
33968586
34385606
34417577
34668648
34753394
34893685
35222884
35223488
35237319
35237324
35238277
35240304
35266954
35271888
35281523
35295173
35322553
35332310
35500653
35501151
35501316
35501324
35501353
35501367
35501370
35501390
35501464
35501542
35501580
35501645
35501719
35501800
35501825
35502349
35502544
35503215
35503397
35503407
35503415
35503584
35503594
33541136
35257270
35271544
35301795
35312906
35503863
35504176
35504332
35504804
35504805
35504875
35504951
35505093
35505157
35505164
35505963
35505966
35505968
35506168
35506169
35506187
35506252
35506298
35506305
35506565
35506701
33707625
33758375
34035482
34542739
34669056
35246964
35417665
35507647
35508122
35508278
35508470
35508474
35508523
35508543
35508987
35509067
35509151
35509266
35509687
35509839
35510230
35510354
35510566
35510648
35510812
35510877
35510944
35511140
35511168
35511493
33555040
33749979
33764618
33769697
33870135
33880847
33887226
34027050
34403762
34407391
34791230
35246494
35511979
35512200
35512476
35512709
35512830
35513372
35513377
35513381
35513431
35513574
35513753
35514011
35514200
35514986
35517408
35517414
35517418
35517429
35518784
35521520
35521536
35521658
35521759
35522026
35522176
34374497
35322532
35522902
35523108
35523305
35523306
35523402
35523657
35523770
35523941
35524313
35524373
35524408
35524422
35524486
35524544
35524559
35524561
35524581
35524876
35524932
35287950
35524977
35525269
35525270
35525274
35525407
35525855
35525869
35526051
35526109
34062006
34218441
34254354
34288093
34643859
35526529
35526561
35526796
35527277
35527486
35527493
35527986
35528235
35528516
35528611
35529491
35529947
35530152
35530315
35530338
35531688
35532075
35532157
35532294
35532539
35532870
33977073
34519914
35533409
35534546
35534547
35534729
35534740
35534896
35534983
35535903
35536066
35536085
35536095
35536149
35536158
35536859
34239355
35537286
35537329
35537818
35538026
35538027
35538030
35538032
35538035
35538041
35538067
35538070
35538152
35538197
35538293
35538574
35538794
35538889
35540099
35541892
35541895
35541909
35541914
35541916
35541917
35543383
35543413
35543483
35543488
35543644
35543855
35543858
35544574
33571038
34463226
34837126
35244512
35545041
35545140
35545336
35545753
35545774
35546050
35546066
35546072
35546143
35546148
35546327
35547748
35548282
35549556
35549614
35549637
35549643
35549646
35549691
35549778
35550167
35550247
35550840
35550871
35551175
35551509
35551606
35551614
35551716
35551737
35551953
35551994
33725483
34335956
35276076
35552173
35552258
35552659
35552671
35552678
35552689
35552719
35552739
35553033
35553304
35553409
35553652
35553673
35553702
35553786
35553801
35553803
35553811
35554008
35554047
35554055
35554104
35554111
35554114
35554122
35554276
35554284
35554297
35554926
35555040
35555214
35555682
35555688
35555692
35555700
35555725
35555733
35555745
35555851
35555977
35556013
35556220
35556365
35556480
35556618
35556763
35556929
35557227
35557446
35559379
35559389
35559411
35559534
35559794
35560283
35561222
35561311
35562016
35562342
35562348
35562351
35562411
35562515
35562580
35562586
35562668
35562734
35562740
35563178
35563450
35563615
35563683
35563758
35563766
35563778
35563814
35563834
35563877
35565249
35565830
35567291
35567527
35567989
35568694
35568718
35568813
35568845
35568918
35568970
35569132
33931484
35290436
35293697
35298438
35316214
35569367
35570248
35570299
35570385
35571179
35571237
35571255
35571408
35571488
35571619
35572884
35573410
35574100
35574370
35574388
35574494
35574828
35574918
35575190
35575588
35575798
33288550
35213742
35257356
35320391
35334101
35576835
35577279
35577759
35577773
35577789
35578071
35578240
35578338
35578597
35578599
35578792
35579073
35579106
35579168
35579257
35579671
35579981
35580045
32920731
33040228
33063235
33854217
33888871
33993456
34002044
34021273
34279788
34494097
35220610
35267120
35276693
35286539
35324519
35580385
35580525
35580699
35580962
35581193
35581289
35581421
35581525
35581583
35581745
35581960
35582195
35582197
35582235
35582879
35582972
35583000
35583006
35583010
35583065
34357507
35412358
35584452
35584569
35584604
35584745
35585040
35585044
35585049
35585086
35585880
35585935
35585990
35586041
35586205
35587058
35587369
34170070
34919659
35394865
35587569
35587570
35587604
35587608
35587747
35587748
35588119
35588228
35588255
35588441
35589677
35589717
35589873
35589951
35590122
35590288
35590370
35591810
35591820
35591837
35592108
35592242
35592388
35592389
35592504
35593120
35593122
35593311
35593463
35593474
35593504
35593587
35593650
35594055
35594155
33756106
34193412
35594585
35594862
35595099
35595309
35595469
35595729
35595813
35595956
35596061
35596159
35596722
35596790
35596832
34240826
35597125
35597237
35597479
35597494
35597525
35597784
35597804
35597866
35597996
33089381
33090337
33106914
34767814
35230916
35275048
35275521
35275522
35598361
35598407
35598525
35598681
35598826
35598827
35598880
35599309
35599447
35599572
35599617
35599631
35600150
35600335
35600336
35600345
35600767
35601153
35601254
35601831
35602094
35602292
35602293
35602576
35602601
35602889
35603775
35603999
35604033
35604103
35604113
35604743
35604830
33404775
33932350
34753133
35275699
35293014
35412895
35412914
35605149
35605301
35605660
35605663
35606353
35606572
35606603
35607372
35607953
35607960
35607962
35607965
35608036
35608059
35608154
35608340
35608718
35257265
35609127
35609316
35609318
35609320
35609330
35609371
35609416
35609419
35609998
35610206
35610207
35610255
35610725
35611050
35611163
35611599
35611601
35611612
35611688
35611698
35611706
35611752
35611792
35611803
35611809
35611810
35611851
35611986
35612714
