34539998
34216805
35113000
34831091
35600336
35070756
35121990
33981163
34326314
33069768
35354479
34924500
33779882
34970350
34338955
35599617
34169384
34607512
35409280
33547612
35493425
34488621
34573442
34978893
34891100
35371977
34826189
34935912
35298438
34257820
34979422
33465404
35244724
35287950
34403532
35003396
33571115
34002487
35068341
34162151
35460325
34302919
33461373
34511602
35030977
33232741
34291417
35184666
34645486
34917906
35034538
35191464
34980204
35219069
34956481
34268117
31942037
35132915
34859371
35332141
33469312
34986332
35332310
35429500
34592762
33915247
34274968
35399607
35036112
34990405
35402187
35036072
34759307
33960108
34187303
33829439
34901393
34977006
34448450
35238669
34559933
34389690
34643044
35582197
34477918
35258413
35246494
34980127
35562586
33677804
34872452
34907172
34234438
34367463
35394705
35465330
33394293
35020847
35404176
34822842
34251962
34626802
34214250
33789105
35116304
34671214
35027053
35038740
33759251
34681812
35198876
35236255
35046680
34787052
34053876
34707111
34369713
33762177
35489071
35126697
33951626
33871651
34497345
33539225
35007926
34231109
34486474
34086186
34051007
34307670
34406846
35499042
35363088
35325509
33901578
34903500
35370472
34709758
35212455
32913227
33493581
34896618
32848200
34988755
33588099
35332432
34133001
33864025
34806650
35004677
35281523
33517149
35361385
34985721
34606619
33439458
34385357
34777569
35176707
34738869
35253975
35342412
34848272
35358766
33988719
35011132
35038382
34431595
35179670
34409922
35303365
34992498
33819732
35322803
35453346
34488538
35165858
34646427
35180231
34808241
34975313
35402074
34671931
35034539
34497755
34852967
34585587
35598681
35526561
34112731
34274651
34716858
34346162
34419501
35151335
33531691
35035684
34962086
35499148
34113109
35100080
33623407
34775378
34647226
34854226
35422898
34431044
33442254
34516344
34130593
35278814
35465017
35390676
33410373
35406379
33644928
33638940
33887625
33794133
33590773
35288194
34512150
33860124
34395181
34652421
35177789
35299056
35565249
35077860
34838997
34512171
34851822
32963358
34878965
34562520
34634301
34726071
34618999
33779513
35304594
34541678
35293963
35281537
34554376
33944676
34002485
34364922
34615853
34988161
34859139
33919055
34430706
34989116
34428509
34767673
34238324
35139225
35537329
33508123
35060363
33046427
33895326
35030964
32713242
34954499
34753397
33657462
35080988
33159419
35083181
34687491
35119587
35129574
34592149
35556480
35474714
34862394
34872282
34180077
33978928
35196865
34608293
35064108
34687431
33155406
35024244
34887672
34163524
34583623
35562740
34570675
33608268
34618107
35077859
34519373
35356984
33613117
34988230
35035750
33960694
35041539
33459113
33488124
35330559
34311140
33990028
34664678
35031966
35126820
34663797
35154481
34866524
34797493
34956484
35107754
34783290
33165191
34802034
34731249
35543413
35090076
35075279
35034103
35058442
35353339
35555688
35414773
34560673
34789086
35007433
35460603
34750518
34395415
35490837
34859815
35034256
35029520
34632302
34723759
35037107
34725334
35312906
35580699
34156640
35341461
33674764
34373436
34391879
33723747
34846647
35436029
34883316
34185419
34674391
35467063
33525953
33722502
35096015
35313568
35404538
35401931
34265397
33979701
34480525
34610959
34028973
33433838
34599338
33706682
34258298
35188198
33621359
34881777
35292358
35165513
34880414
33490282
35413643
35399713
33898171
35111747
33296942
35517418
34003330
35607953
35036997
35379776
35453669
32804012
35434944
35067795
34488545
35205713
35490382
33875234
35473552
35339896
33311650
34980214
32920731
33502823
35102180
34455968
34339800
33600548
35198059
35395473
35383533
34790052
34747973
34778448
35173110
34896479
35433953
34491544
34634213
34772428
35226830
35166439
33820798
34531912
33509238
34183450
34195294
35065166
34039517
35087512
34935056
35173529
33991615
35064102
35418191
35063767
34328246
34291488
34183367
35611803
35390677
33688203
34216514
33660414
35057851
34795395
34515297
34778942
35549778
34789303
33605558
33834359
35372504
34790379
35196489
35039872
34280495
34706199
34727409
34062006
34817752
33688254
33789902
34873417
34172439
34787071
35106941
34545968
34750358
35530338
34487020
34787051
34904673
33855339
35557227
34121038
35316129
34583064
34048322
35310934
34944458
33082514
33940568
34801596
35327666
34610759
34292652
35590288
33296140
35104452
35100352
35396512
34540665
34323631
34558789
34944699
35260078
34643030
34465343
35038196
35051616
34515176
34774800
35578338
33625109
34624573
34465890
34686655
35538030
34663368
34633138
35122570
34803485
33986196
35525869
34983946
35196590
34168078
35345586
35318304
33325278
35154459
34861581
35602293
35163786
35369338
35543483
33025417
33854371
33627425
35061304
34482375
32889668
34914635
34288093
35072845
34884487
34894065
34435542
34914969
35287547
35443851
35169903
33314669
34942305
35044439
34374639
34860252
35129056
35592388
34217785
35569132
33847425
33961511
33630076
34231472
35341446
35296158
34767964
34862372
35554284
34939084
34480024
35589873
33405091
35094653
33601056
35069905
33913671
35385713
34482792
35364751
33583602
35313071
35281530
33660795
34785213
35295962
33592542
35113960
34320342
35306025
34468014
35122056
33613970
34930675
34520980
33631181
35126805
35540099
34733921
34728613
34288245
35486848
35059968
35420934
35611809
35167328
35103914
34919331
34976153
34313957
35038060
35503584
34666672
35312836
35176937
34681655
35413230
34086948
34774795
34933455
33953853
33597203
34569498
33940159
35192416
34587879
35023619
34470571
35490173
34599966
32865675
34609952
35379170
35231557
35389764
34420039
35171714
35000752
34431132
33541136
34057637
35188441
34795238
35393539
33783988
34657150
33942238
34188473
35611601
34876128
35401746
34450627
35478963
34753906
35004265
34096775
33394184
35392782
35021150
33776787
34224294
35188872
33725483
35177031
34727092
34163177
33937266
35607960
34363324
35509687
34497381
35562580
35046400
35323972
34935260
35093173
35188449
34552050
35192681
35368795
34699325
33551225
35300572
35123266
34730182
34937919
35387990
35139734
33850882
35511493
35401562
35549691
35611163
34229543
34898027
34903127
34793477
35368894
34626126
35337381
35412956
33016900
35510648
34866322
33283575
33395735
34670478
34422215
34586733
35013134
34418232
35197629
34113143
33958720
34547186
34450266
33907470
35605301
35033060
34610220
33932085
34596622
35476777
33752480
33565800
35593650
34265398
35102251
33833407
34953057
35027562
35595956
34785595
34380438
34958003
35065674
34740611
34278507
35560283
34197720
33900537
33432928
34538046
35163043
35317685
34282692
35156681
34504644
35213076
34330701
35377267
35045360
33731348
35562668
35228743
34362424
34314948
34519257
35327987
35008856
33345719
34336002
35532870
34914893
33588662
34265069
34098990
35178446
34718606
34077730
32359191
35322810
35555682
34120407
34286671
32655129
34221233
33833529
35080104
35104454
35594585
35013159
32762546
35598361
35079021
35083842
35362545
35609419
35491148
33574575
35124008
34245303
34976785
34381017
35305236
35461031
35054927
33977679
34007244
34800086
34965215
33711490
34847358
34592152
34425560
33583123
35036057
35477991
35144666
34821550
33601221
33404279
33723227
34761005
34158377
33204001
35183222
35173526
33352248
34714590
33340661
35182481
34370169
34699311
34387602
34157350
35415247
34830080
35315492
35190817
35269458
33601054
35319018
33078654
34406548
34782718
35008480
34046684
33421513
34653676
33314660
35417690
34657130
33911869
34212407
34750325
35354145
35501367
32439866
34671198
34508688
35597804
35442159
34986757
35430252
34634811
35093630
34260926
35163649
35352412
34763165
34964862
34271087
34880217
34555594
34581822
33664480
35505966
34424120
34474149
34160549
35237695
34767797
34927789
35192146
34668583
34890713
34278441
35008534
35435118
35584604
32968928
34167949
35345980
35590122
34790764
33798549
34740634
35008854
34216689
34433060
33934686
35493691
35526796
34109575
33247967
34379783
34536556
35119917
34533429
33447057
35477450
34266345
33853662
34482023
34633031
35218706
34662712
34125994
35378445
34673141
35501390
33911883
34648907
34289350
35236826
35426258
34617574
35438056
33867821
35476750
33406405
34288216
33177163
35563450
34821000
34582976
34884442
32457485
35551716
32931887
34395290
35156516
34986743
33023331
33499717
35468964
33949774
34824551
34318428
34405820
35489385
33144090
35595729
34343821
35368029
34585826
35346372
35029277
35202706
35413928
33718673
35452958
35575190
34727382
34693980
34712060
35137328
34558639
35477094
35013864
33822264
35463988
34860809
35038974
35031788
34997181
35184646
35026348
32031354
34783198
34270850
34385891
35182065
33713376
34194499
35340210
35024572
34808335
34238178
33674311
32030966
34308776
34030529
35575798
34249474
35574918
35311457
35597525
35020848
35176941
33168699
34077295
35514986
32152552
35013128
34921037
35397714
33372050
35096622
35460500
34704358
35116677
35527986
34990740
35152446
35098394
33987352
35417848
35322553
33548387
35145145
33427025
34859848
34217312
34778745
33878909
35543858
34612138
34976438
35537818
34761662
35451738
35201967
34895074
34652691
35556220
34597666
33955831
35169125
35259457
35412358
35152529
35018436
33893298
35348268
33487115
34296474
35549646
35241735
34753799
33707625
35410446
34728538
34152411
35421591
34082012
34843988
33724167
34330832
35004274
34956559
34400288
34555669
34925506
35409383
34120462
35604113
34917148
33505161
34985374
35429078
34931135
35431233
34343566
34551139
33564883
34983308
35034548
33402731
34602532
34753802
34607973
35488217
35116678
33563064
35397613
34327529
35383144
35468874
35503215
34428251
33345272
34599505
34278704
35351855
34816661
35044231
34783292
35014213
34306074
34414456
32879469
35151832
33852805
34272738
34497766
33741715
34698362
33825599
35096272
35429914
34695419
35553803
35034634
35098869
35026283
35512200
33262314
33831707
35555692
34752991
35113418
33380238
35362478
35414502
34078755
35538027
35527486
35420781
34306144
33907415
33620119
34380736
35213720
35543383
35163244
35075548
35114641
34837628
34138410
35178834
35358777
35022519
35109849
33327804
34741382
34715270
34582317
35227681
35478454
34845189
33067265
34973299
35123530
35258410
35062066
33603377
34984578
34719090
34826170
34983591
35008557
33907980
35066738
34810221
34611140
35574828
35349097
34463208
35280681
34392309
34793336
34102644
34273068
35164915
34686504
33538533
33528836
35140333
34185706
33974163
33707466
35090882
31729464
34191006
34881526
35202674
34059798
34036377
35045733
35230909
34989314
34477483
34125393
35433693
34184814
35435591
35278613
35246136
35048354
34785776
35273248
34542064
35164656
35340555
33577860
35276119
35596159
35568694
35167937
34380780
35254597
35066747
35013925
34994490
34118309
35240924
35011574
34336031
35034964
34883112
35023690
33494814
33987360
35137671
35110542
33931741
35505157
34396430
34048740
35444070
35304440
34897892
35527277
34938121
34165171
35534546
34238204
34194502
35301795
35403609
35349706
35451652
34632938
34512753
34997902
35543644
35356685
33660796
32748349
35063135
33551645
34936535
34302635
35327465
34234930
35341968
35434020
35485167
34492159
35449031
35333696
35422021
35163710
33663010
35525269
33654408
33529444
34030589
34702444
35253306
35609998
34512151
34654847
35060119
35144597
35134322
34140798
34900978
34296800
34125401
35124373
33548094
34259839
34038735
35271888
34904279
33409551
34783868
33416496
35589677
34773364
35567989
33585699
34226413
33588886
35328298
35468468
34951005
34435636
35611706
34686346
35142288
34349120
35091534
35163707
34281492
34980201
35338235
34021255
34017061
34304702
34991683
34257520
34287617
34976223
34238213
33911034
33268037
33535043
35236825
34266450
35167730
34904778
34277865
33539892
34545586
35099607
34749662
35366685
33767435
35156508
34963484
35200096
34464885
34406574
34260932
33371778
34783294
35126185
34716304
34533066
34950682
34939225
35129221
34435195
34221965
34536977
33303565
34016787
34137789
35579168
34693527
33793918
34711117
34260913
35185342
32597296
35590370
35380314
34764205
34801935
34950211
33536765
33524472
34428336
35427207
34733926
33933636
34236635
35455992
33704624
35306563
35133032
35273154
34658294
34741373
34238129
34257594
35541916
34196584
34193018
33400379
34197957
34357372
34424812
33973090
33798630
33171493
34111560
35204145
35080984
35411051
35065132
35523941
35334159
35115484
34343500
34273723
35069685
34462429
34976178
35123924
35466322
34730202
34237654
34392614
35437868
32616906
35079411
35608059
35210431
35141164
35555977
35453404
34052325
35165519
34174908
35111679
35367291
35530152
35436415
35413838
33613103
35509151
34599168
34517880
35588255
35071487
35433983
35477484
33737811
34826187
35192892
35190753
34999895
34314754
34968576
34530171
35490208
34514592
35145029
32897512
33515696
35434449
33447056
33447074
34403518
34158256
35279688
35443670
33431797
35475470
35349375
34783627
33707587
34380537
35151899
32952069
34741014
35005034
34209401
34100862
34264867
34027794
34903714
35048565
34562198
33502806
35227173
35008751
34306176
34380027
35000531
34787047
33328586
34698882
34814703
34001623
34816499
33650817
35543855
34282309
35074616
33589816
35483327
34887379
34603558
34384787
35247097
35439649
33867837
34486532
35071492
33968586
34990303
34363018
34333526
33492555
35501800
35297734
34854520
33880847
34588632
33783327
35193647
34861846
35411229
34468015
34122720
34357507
33812256
35553409
34976139
35218109
34321461
34992218
34727954
35020443
33734022
34184952
34562256
34382339
35514200
35301175
34452908
35362387
34936874
34803487
33347625
35264782
34728806
33985619
32950104
34133012
34220948
35154100
34089461
32961143
34938610
32412793
34612136
33280146
35468884
34339487
34387592
34313719
34899906
35563766
34741317
35093327
34785791
34220338
33557670
34224319
34808500
34496829
34146645
34482802
35152003
35248107
34664331
34553339
35360268
35159317
35488146
34920184
35116264
34931871
34936303
34782720
34522232
35101451
33691110
35441574
35536095
35546072
34735003
34831374
34976175
34350720
35522902
35304174
35114192
35039635
35332852
34630738
35052415
35122633
35489424
33559506
34547627
34709349
34890627
34040415
34747545
35240920
35340869
35085770
35524313
33762328
34435708
35524422
35065966
34779401
35508987
33406424
33600884
34748526
34503377
34107852
35144617
35411833
34702815
34933195
33778212
33890983
33905036
32861626
34046994
34057016
33854717
34278471
33879018
34970341
35342346
34233190
35351128
34488224
34266430
35536158
33826947
34060252
35575588
35103454
34604955
34824296
34985967
34414854
35348747
33709299
33749639
35125808
35574100
34605097
34919637
34479475
34302879
33846346
33637127
33269540
34510318
35523402
35475457
35027735
34687039
34611298
33748285
35277183
34336555
35294882
34026438
35157222
35443866
34707127
34648844
33268481
35164634
34800694
34780888
35146902
35432529
34670117
35459188
35150745
34987184
35562411
34278444
33392891
35166986
33505109
35091323
32895884
35110544
34859819
35422093
35031518
34652536
35574388
34613789
35030969
34272357
35485364
35154161
34716993
33931981
35148846
34337858
35337801
32999468
34888946
34454450
35198740
34512673
35430604
34971706
32893175
34585626
34019714
34424910
33839577
34425033
35111150
33569599
35406744
35512830
34114479
35046889
34738631
34312968
35346060
34752173
35252011
35036867
33765367
34288800
33869785
34341330
33500658
33926524
33511769
35014946
34132375
34843932
34862368
35169297
33729484
35538794
34821217
33982775
34831084
33474692
33793870
34347977
34783628
35180673
35279705
33064024
35380408
35475886
35445753
33148508
35352891
34687791
35177851
34854215
34551290
35203384
34916847
34635142
35355828
35412914
34748047
35517408
33830083
34790772
34798260
33478874
34610268
35142592
34493358
33741962
35040271
34387848
32779957
34408494
34526970
34146302
35593474
35018513
34162147
32783743
35363256
35554297
34965411
35088561
33995992
34956421
35112651
35199454
34610416
35254105
34990401
34752923
35460694
34780285
35436984
34246804
33846350
34897470
35418106
34163175
35288557
35306026
34278519
34685619
35058597
33705986
35016264
35195816
34052089
35008980
35433535
33444777
35181869
34536366
35116405
35287546
33571038
33891266
35016888
35138904
35084640
34370360
35595813
33929990
34874225
33994260
33850889
35092119
35562734
33491257
33596642
34310951
34808501
35253323
34140779
35030644
35139491
34970696
35538067
34239305
34386489
32985331
34743948
33264433
35120969
33772408
33853508
34769029
35157958
35176127
34040387
34944742
35126706
34758708
33527539
33664479
35016033
35034562
35397519
34362591
33603467
34040389
35216482
35439853
34663788
35064892
34657551
33488865
33390850
35471684
35201457
35096137
33604734
34122724
34687205
35017464
35088289
35363898
33664574
34667159
35448958
35405116
34704918
34675184
35581745
34383767
33473168
35184403
35213273
34696659
35517414
35586205
33910004
33790648
34873301
34898277
35105670
34407842
34078519
33742315
34453126
35371306
34978772
35429678
34388478
33505117
34169608
34162570
35399733
33829443
34255190
35026230
35401806
34704601
34135963
35287147
34708547
34791230
35316763
34296520
33755848
33771884
34479967
35363524
34396448
33450091
35196982
35396379
35022391
34614448
34115567
34780678
35488927
34615962
35140269
35501353
34950770
35074429
34870453
35100082
34876695
33682985
35604033
33564265
35410462
34900675
34051800
34155619
35320416
35034631
34257080
33932497
34599154
35567291
35186244
35524561
34943028
33824592
35271849
35543488
34903139
33636024
35536859
34046810
35416554
34465322
35440636
34895123
34010646
34590382
35124461
33674778
34135066
34157933
35538152
34880207
34902807
33854239
34990937
34834018
35026645
33383157
34859847
35383155
34238215
35096062
33611824
34706749
34850961
33097834
35205710
34595819
34260941
35090098
35501324
35118194
34853296
35051432
33772101
35148687
34635817
35490780
35000027
34663976
33871149
34339707
34836938
34878135
35530315
34904630
34902522
35091576
34481142
35611851
34632930
34610303
33759666
31495191
35081873
34859261
35013144
33931967
34711122
34997317
33496636
33475442
34937502
35090376
33560419
35371316
35485293
35293014
35479397
34334085
35338151
34181232
35553033
33555506
34516355
34518442
35315340
35069550
34785732
34369033
34950596
35356205
35361144
34967276
34750516
35350588
34379189
34323980
34853603
33263223
34368871
34197691
33369228
34772438
33501603
34976194
34989875
34958891
34738865
34519940
35556365
34936297
35079871
35149588
35410355
35198556
34146197
34585441
33739543
34321385
34895065
35472240
33973103
35150479
32902022
35532539
35339891
35261236
35271544
34907345
34853310
33871153
35071469
35474131
34725437
34125645
35422483
33742125
34324140
35293568
34369259
34313548
35101055
34277808
35253629
34258925
35064454
34946880
33637448
34795452
32881074
35112985
35439761
35115505
35492028
34749249
35452683
35390315
34431433
35554008
34982576
34010016
35152842
35075114
34052323
33648424
34547134
34218441
34708395
34737337
35580385
35344430
33985544
35576835
33981001
34080641
34329839
35406652
34606682
34369711
34965724
35297315
35593311
34407394
34668101
33675274
33611744
34936717
34218464
34500436
34717195
35200104
35066576
35435104
32716602
35212607
34628001
35444938
35418193
35200103
33225366
34914965
34233203
35394671
33843053
33462405
34708891
34722262
35583065
34139323
34108238
33763375
32883110
34643076
34528223
34083438
34850055
35005829
33247214
35439640
34753133
34124998
35138470
35508543
34284078
35149723
34848984
34605103
35279083
35008435
33839256
34139308
35554055
35363937
35258391
35494527
33385377
33115805
34499618
33370590
35031323
35070212
34850664
35143476
35338256
34237211
34998818
35212609
35182388
34133937
35550247
32826710
34519634
34849149
34749775
32555352
35451342
35485206
33605510
35276240
33982450
35181676
35152537
34352998
35012438
34898373
34965427
34273914
35257265
34352236
34913078
35089423
34481903
35521536
34872448
35390449
33789983
34368969
35230891
34298089
34784607
34993814
34044364
35382569
35588441
34550549
35197472
33986789
33991848
35047492
33618612
33615520
35282771
34663975
34655977
35398161
35219877
35173481
33759343
35260044
34775365
34921586
33880508
33941685
34223980
35107381
34898362
34985387
35538197
33488104
34783233
34966948
34369620
34697370
35013218
35577773
33858314
33594155
35433237
33340658
35504332
35014092
35402240
35443760
35571237
34333527
35318441
33548006
35398286
35194191
34673103
34288826
35472619
34126643
33955199
34986326
34428354
35005769
35162941
35193602
35524486
34337862
34446703
34580062
35011710
35111067
34222667
33916325
35582879
34560900
34925016
34769281
34605021
34910726
34558636
35313791
34180119
35409289
33274678
35528516
35068163
34644536
34613798
35194188
34977284
34588543
35041486
34584880
35466320
34288373
35578597
35461899
34476004
34250088
33517196
35457117
33536383
34944877
34804062
34030715
33405003
34821002
34516316
34974159
35276090
34921595
33928666
34942999
34988077
34875852
33469315
34790374
33536604
35546148
34090323
35568918
34893641
35571408
35408744
34348155
34716429
33942232
35024489
34160338
34480404
34532291
34868829
35102644
34165043
35128538
34659262
34666613
34265399
34493899
34731364
33693540
35177609
34949159
34376998
34876564
33999777
34628721
33560543
35418834
34536429
33451909
35104164
33977095
34403762
35598880
34406791
35003083
35127512
35509839
35444697
34119603
35585086
34661851
34187934
35220889
35538041
35534547
34388475
32859986
35127170
35555040
35322532
34647385
34942528
35524544
34020163
34212764
34906623
35024765
33049034
34741119
34862361
34634227
34385606
35039634
34113148
35037833
34268386
35350667
35354753
34273154
34958117
34485123
34667160
34532130
34743185
35241106
35328023
34932801
32533103
35372039
35402663
34914964
34324442
35394699
33032456
35099830
32989241
35154460
35452917
35536066
35541917
35378195
34865098
33931868
35368699
33235026
35122599
33565098
34818249
34427057
34240584
33421113
33438067
33045317
35441157
34232111
35115540
35184134
34997457
35432472
35050556
34737140
33246036
35205327
35143696
33161527
33517853
35126623
34732818
34339541
34158631
35122989
33631423
35209949
34517782
35322746
35193953
34642304
34950859
34824202
35178836
33555514
35555214
34562248
34464226
33984719
35370461
35011668
34362407
35094018
35483234
34916487
34790800
35081502
34007200
34950209
34845377
35166647
33315502
34476924
33603475
34726281
34774547
35555700
35440893
35598827
34257576
34103685
35022996
35587748
33880033
35491874
35223488
34587716
34831186
33169349
34626803
33782806
33984721
34608265
35156240
33758355
34992672
34429400
35101541
34951719
35392784
34792626
34548615
35108712
34411141
35173840
35490365
35581193
35071464
35082283
33574708
34160887
35485164
34768001
35523108
35157180
32862769
35290436
34713767
34192359
33737086
32088728
34999731
33675611
35489420
35450028
35129808
33566259
34537760
34158609
33623823
34672237
34238196
34262312
35113157
34699606
34654719
33650224
35085892
34034634
34329593
34745118
35561311
34759263
34651657
32658033
33737240
34371129
34016746
34948395
34245648
34374662
34958111
35307376
34983831
34808225
34260911
35314168
34818971
34998399
34374627
34255057
35606572
34927777
34115333
34086379
35048968
34100182
33190588
33742995
33432425
35083143
35027982
34251961
34783303
35324519
34282711
34676879
35013887
34957112
34975151
33613108
35141006
34606743
34427967
34516333
34876574
35259051
34944004
34976140
34956884
34728620
33146000
34799660
33553335
34350711
35449131
35580045
34970354
35379056
35528235
34484568
34952473
35422085
33686550
33574130
35278832
34561554
33096083
34721432
35414789
35611810
35488020
34464666
33517197
34235595
35596722
34993160
34725461
35154457
34518440
34616611
34137197
34469737
35307486
34436551
35202001
33749979
33549579
34525946
34733789
35448021
34731788
35108421
35156232
34504167
35025075
33977871
34054299
34940950
34826027
35068373
35260880
34872002
35164665
34888652
34655614
34404765
35394840
35379817
34347016
35167876
35565830
34423698
35013220
35608718
35222370
34224325
34465891
35412849
34676980
33953601
34319909
34556771
33993846
35416176
34781202
34551673
35488871
34975297
33928162
34996491
35139769
34232945
34953165
35017203
35386623
35216667
35149670
35249460
34744082
34820329
33342344
32975614
33311589
34976187
34990588
34932819
33976119
35037691
35126619
34468258
34228237
34781815
34702176
34699314
35263585
34878161
34508910
33660813
35447147
34694211
35498127
35067156
34026451
33875577
35592108
33469358
34847835
34715574
34547820
34249610
33203937
33560148
35098646
34268078
33895173
34767669
34482026
33677577
34968461
35283358
34139980
35264203
35367412
35471148
33521860
33831808
33660790
35377979
34098061
35611752
35480873
35313225
34533198
35524581
34373692
33683171
33467979
33277615
34769160
33331071
33470057
35147250
34795498
35553801
35392146
35568845
35038452
35501645
33822672
35143103
35601831
33986510
35249109
35141790
34605942
33170442
34531509
34709763
34856542
34784837
34767243
33708473
34371180
34962339
35399726
33309710
35402226
35456441
35611050
34016053
35142595
34049478
34240140
35116410
34852209
35599631
35154476
35318442
34930316
35064409
35568970
35231723
34409658
34910912
35562515
33744470
34998158
35279145
34703235
35027543
35358280
35362548
34821009
34362680
34825931
34079285
34498712
35563615
35179253
35454815
35073549
35577279
35412895
35127343
34314382
34107838
33587348
34562008
34287099
35092560
34944075
35609330
35007762
34974803
35597784
34948122
35318320
33406263
35217640
34509805
33502468
33031845
34966429
34555985
34733662
35574494
33149280
34163012
34610962
35523306
34853315
34269397
34554676
34734756
33977112
34693860
35013149
35334101
34761265
34884918
34131310
33658455
32975761
34992221
35230916
35521759
35602889
32399910
33984486
33442262
34379688
33864612
35307730
35316145
33118080
35348274
34926291
35494514
34047500
34937563
35035697
34661743
34605059
35275522
33842584
34496413
33883889
35166074
35408903
34624572
33564344
34585634
34774047
35322734
33976977
34896914
34681596
34973349
34653678
35192807
35052738
33506255
35328424
35584452
35094251
34706936
33275877
33947796
35228694
35033815
33871656
34956491
34773072
34252487
34853624
35409147
35441953
34798070
34984190
33569456
33654410
34668648
34985712
35380342
34058292
34815524
34476933
35552678
35289335
34756996
33953572
33526846
35446002
34277634
35304894
35127282
34112743
35476671
34906656
34303919
35609416
32888955
34433058
35113417
35089659
35102488
34780645
35194735
35436995
35353806
35311242
35064336
34007185
33710684
35465820
34580885
35037515
33827825
35193668
33845072
35555745
34728784
34738863
34516354
34934442
35145187
34842045
35244512
33389428
35016595
35066669
33878446
34561619
35280671
33434948
35201476
34965271
35477546
33185125
34663225
33630203
35005012
34307695
34114341
33818249
34953918
34843094
35399327
35053270
34142881
35551953
35108539
34635014
34539244
33092465
35480984
34758320
34969357
34565286
34775177
34854397
34271014
33791361
34307682
34868902
34927228
35145900
35532075
35445204
33850885
35034547
34933640
34657558
34944058
35552739
34164486
34808575
33505119
35357586
35473680
33746084
35299960
35181619
35413284
35462367
34426559
35554047
35166206
34831066
35415251
32460619
34287793
35606603
34295718
35175670
35069823
35195960
34396427
34474146
34492536
34107168
34907157
34619292
33542656
35306579
34642466
34967279
34313533
33037684
34753136
35582195
33089381
35356800
31735077
34811416
34818977
32764647
35174545
34523692
35508278
34081870
34696771
33402732
33822440
33400016
33758526
35393404
35037047
34342229
35104174
34037971
35603775
35430304
34831044
34734406
33769725
33223523
35585040
34334080
34372865
35266446
35551175
33547232
34615595
34686506
33514855
35349489
32786121
33760339
34307133
33350453
35342408
35241778
33572344
34061466
34555439
35064305
35404476
35194174
34475349
35182051
34371139
33604388
35150809
34618923
34475781
34461437
34406553
33774143
34775426
34338972
35248705
34712356
35490917
34836796
33108739
34516310
34946965
33043774
35149174
35338828
33901943
34627839
34685504
34751998
33859345
34815549
34868398
34704819
34051063
35506701
34702049
34698116
35263586
34022264
34919285
32796955
35481399
35547748
33848686
35190998
34098015
35163809
35487917
34517787
35451558
34942272
35103378
34295552
35338124
34619327
35080244
35026768
35079347
34118948
35052701
35568718
33536786
34672248
34934045
35038059
33250514
35112252
34733975
35532294
34983194
33054489
34801668
34288238
34120306
35536085
34930901
35051418
34455059
35493459
34723832
34878647
35038560
34042273
34535352
33624224
35008634
32780449
34469577
33633196
35552671
35278064
34903122
35429439
35251709
34472153
34697388
34460347
35016717
35255377
33854102
33676025
35003371
34990050
35033632
35257270
34446806
33679792
35452205
35585990
35080342
34265414
34462553
35443748
34472622
35554111
33963081
35358396
34991621
34627697
35487888
34055989
35428760
34779483
34056002
34370683
34475212
32555442
35089329
34407391
35449154
35156520
34085745
33725236
33772723
35552173
35171230
34662580
34956475
35490865
35406534
35611612
35064469
34334123
35100065
33779167
33727589
35159062
35344434
34986861
34864645
34967697
33932446
35456382
34455717
34839107
33851774
34953275
35250566
35571255
34455406
35149088
34891212
32749857
34897944
35505093
34165168
35179079
35159073
34159626
34165154
34986654
34865263
35259395
34324862
33953571
34429073
35199941
34303764
33541173
35183226
34783160
34382905
33405050
35410813
34944790
35108370
35256783
35598525
35290903
35579073
34099549
34314079
33691908
34007214
34363019
35055037
35029289
34600885
33207226
34288797
33638154
34511037
33481014
34807487
34470587
35191809
34624323
34923044
35534740
34076840
35480301
34188550
34147072
34277765
35529947
34335760
34470577
35188401
35531688
35112981
33970189
35012539
35004680
34930914
34884984
33520084
33144185
34665465
35166830
33372873
34459452
34652879
35179718
34906901
34554188
35553304
35529491
35512476
35581960
34976224
33838073
35568813
31686542
35347223
35201567
35382692
35165280
34887360
35192037
35257808
34965422
35205304
34920123
35302851
34983307
35293697
33948156
34062268
33994812
35132566
34618022
34135125
35483553
34697383
33334123
34851506
35140065
33752236
33205519
34913465
34288823
34988856
34244973
34185281
35235452
35085550
35432407
34058933
33882503
34305410
34761722
33784796
33634377
35600335
33213267
35441575
34974806
35414793
34661273
34925523
34324657
34413485
35131384
33982786
35442568
35091793
35156513
33459111
34302921
32924718
35231445
35506169
34147851
35394046
35403872
35451560
33203292
35398929
34547965
35197550
34837887
33942704
33845716
34028661
34026424
33278514
34775541
33754052
34414590
35395848
34601098
34511042
35511140
34718338
35561222
35149188
35342355
33814920
33607258
35072529
34799661
33106914
34347914
35310933
34861210
34154701
34788615
35391932
35414770
35483451
35085578
34115259
35091687
34021267
34850922
32900248
34608953
34425092
35552659
32757684
35163437
35591837
35255776
33547542
35554114
33747279
35316214
34336032
34269011
33444648
34415065
34273804
35249107
34115105
34993348
35416122
34279788
34424481
35164653
33207945
34192317
34423048
35429110
34017210
34830034
33637885
34907035
33450386
34277791
35364136
35275699
35510354
35597866
35296649
35559794
34350522
35053335
34859256
35367340
34859735
35114313
35338344
33958878
34518220
33818827
35027670
35487060
34181498
34558634
35417709
33613033
35510944
35066967
35581421
33839325
35300809
34608273
34848347
35445025
35111744
34733961
34471235
35091451
34167441
34002665
34700017
34609285
33565325
35553702
35464772
35371310
33444480
35115926
35504951
35205628
34415232
33442263
34595849
34804161
35340414
33941183
33409877
34016842
35534983
35088877
35541892
34039939
34409953
34365463
34737423
35182723
33508876
35317841
34743935
34042027
34296285
34913989
34927784
34495369
34773443
34757127
34822133
35217034
34876932
35027733
33594087
34911015
33955315
35585935
35286868
34642310
32950103
33301605
34099027
34554391
33753119
32186433
33811432
35526529
34645979
35288145
34059575
35209928
35392973
34107313
34350181
34908107
34153159
35366541
34974185
34965935
34471223
34026626
34699756
34831451
34431227
34567205
33639023
33719895
34385359
35351581
35426376
35083625
34478013
35233882
33843021
34900984
34256097
34916289
35551994
35510566
34931765
34927544
34086253
35586041
35399081
35112462
33542193
33994848
34657557
33841091
34698450
34976174
35154253
34607003
34728702
35008676
35167651
34937497
33603338
34644617
35577759
34515321
35078194
35468812
35130573
35279480
31072129
34527075
35052722
34819350
33125792
33990333
34144984
34363438
35075389
35476233
33372703
34465889
33724150
35075301
34623552
33860086
34860147
34321149
34959221
33906980
34526609
34593610
35610206
34176282
34463194
35405117
35104011
35280686
35191555
34964205
35013118
35536149
34474245
34611311
35411167
35397617
34602056
34010636
34558385
35322852
35373703
34048060
35461040
34456188
33867828
35452957
35361481
34731635
34346845
35022570
35324527
34495404
34907162
35402071
34794910
33461388
34635983
35556013
34092081
35108418
35013153
34551282
34668391
34482560
35450439
35416858
34995814
34745323
35427373
33654403
35041806
33751357
35486353
34158391
35093804
34636136
35491694
33359755
34349350
33955459
35570299
35271390
35592504
35366151
33728339
34571009
34641746
35056756
34899681
35089807
34478796
34278744
34649584
35045633
34276910
34905511
35054986
34943089
35380877
34393509
34858422
35201663
33865922
35501542
34714955
34810200
35431930
34468010
34384932
35402517
34007068
35551737
35239512
35305660
35070891
34880957
33341002
34967278
35013116
35141227
35166006
34631522
34195792
35260183
35401239
35351042
34419074
35611986
35259424
35325806
35555851
35287556
33993848
35034965
34024034
35557446
34427853
33837882
34407055
35399076
35126901
35048795
34515239
35100079
35442145
34168080
34854011
34900689
34943250
35228564
35310196
35570248
35115654
34884541
35278365
35322290
34815381
35080973
33777799
34860160
34310076
34241580
35577789
33628829
35484214
34337857
35438208
34301174
34681631
33081599
34000873
35306455
34973275
35111054
34259830
35346238
33274736
34934450
35587369
34898354
34934452
34126893
34709767
35219686
34161168
34115554
34414457
34981812
35275048
33502338
33040228
35112970
35362297
34582743
34965835
34876144
34738906
35067718
35017523
34863990
33654226
34900536
34335956
35377441
35192696
34245441
35222878
34436746
33394312
34732852
34970357
34174548
35040952
34634995
34126361
34623561
34032330
34190001
33959097
34276213
34554926
34139630
34873439
33786745
35511979
33823186
34845229
33747283
34465361
35115487
35201478
33500628
34500038
34783622
34652251
34123804
34504059
35236823
35052618
34306997
32543313
34904415
33969134
35483524
34656650
34728626
35353623
35066433
35199935
35246224
35427894
35291909
35174471
34373753
34717064
35099557
34498707
35550840
34784010
35076836
33447060
34896119
35251354
35484112
35546143
34542739
34108052
35343654
34854396
35333296
35494070
34232332
35254208
33854373
35123415
35339488
35318302
34930905
35171268
35597479
35385711
34816392
34969354
34743205
34015095
34759344
35188450
35414784
34559973
34130587
35451420
34731629
35440748
34999395
35020418
34173041
35487311
34790050
35075615
34294459
34767671
35246504
34917202
34469723
35235343
35217833
34962430
33842583
35136419
35598407
34285335
35409173
34149172
35596061
35346830
34435525
34146484
35513431
35338113
33238281
34323695
35588228
35486208
34967918
35069784
34319904
35597237
34919141
34858787
33658793
34427871
34925023
35012441
33755595
35319011
33313679
33732021
33351232
33233986
34374638
35075115
35024240
34940839
34943970
35075244
34774740
33345740
34336153
33991762
34151707
35075102
34187448
34376581
34974535
35254654
35466471
35094651
35083300
35140622
34705028
34767926
33493381
35325240
33576454
34002676
35602292
34705526
34375566
34015413
35465967
34601505
35331835
34688635
35110531
35052597
34979376
33928608
34967274
34976441
35145325
35255935
34389400
33519234
34922601
35109794
35580962
34326297
34107246
34749366
34593815
34228494
34471374
35023444
35184380
34110517
35037835
35300562
34933678
33247987
34551340
35045286
34634218
34437815
35504805
32956626
32975519
34929442
34177264
34076838
35377981
35538032
33975883
34697449
34389433
34696684
34050636
34694913
32762281
35421264
34315224
35366132
33710682
34630429
35230972
34282068
35459269
35151242
34521919
33797737
35524932
34919659
33654429
35089787
35121200
34270461
34098485
34145060
35090386
35246514
35397626
35181339
34637843
35348293
34921137
33215753
34284540
35553811
35196318
34654353
35580525
34346000
35231444
34807493
35113786
34373133
35015607
34571083
35419476
34718437
35143426
35450818
35585049
33931484
34253692
34375550
35552258
34803150
33278191
35045800
35342411
35098439
34953943
35116608
35317842
34192708
34099554
35259352
34753953
35605660
34967898
35080085
35152275
34162560
33348024
34249684
34787650
35387981
35391558
34685622
34799978
34625086
34414664
32852789
34779995
35109842
35383152
34288816
35124617
35463310
35216380
34624325
34818876
34652260
35126958
35441352
34515327
35154488
35474067
34758406
34944818
31767975
34448644
33723405
35154442
32917126
34343636
34102455
34386930
35371302
35098408
34553755
35412553
35413286
35604830
34655744
35013132
32264736
34139860
34522212
35067783
35585044
34872023
35130620
35017646
34921979
35394863
34407138
35095494
34973276
35046387
33982231
34294156
35001075
34267330
35546066
34687796
34663825
33488123
35459737
35116341
35401922
33602894
34247316
35589951
33814931
35504176
33747285
34715819
35610207
35022505
34493304
35578792
34403009
33896391
35438415
34408438
34977878
34966442
35372814
32753631
34995817
33616649
34002462
35199943
33469348
34838715
33412228
34981783
34607487
34499929
33373440
33417179
34986481
35256667
34518486
34051087
35042950
34021046
35419025
35486941
34486645
34787343
35088579
34480022
34351577
35172671
35422889
34895046
34848680
34668273
34560189
33523871
33854217
34133792
35197459
34773548
35093117
35141958
34805531
34254354
34753389
35392234
34134453
34999170
33025678
34948101
33608866
33904383
34954927
34380509
35279684
34890367
34486677
35495601
35079118
34706096
33904361
34807912
35506187
34973391
34551291
34067416
35230663
33764889
34779768
35039483
33459340
34111521
34734243
35592389
35179443
35187064
34923573
34511033
33151462
35262736
35474446
34888944
34011606
35366755
35266852
34570211
34970351
32612153
35115400
34486487
35378241
35174294
35170388
35152215
34976797
33903707
34185245
35124178
35501370
35133629
34386303
34561421
34626587
35522176
34296787
34347392
35489084
33767426
35046398
35195911
35172162
34813892
35285415
33981809
35252555
35192930
33937069
35235424
35357550
35336696
34718086
35038953
35563758
35485281
34990795
34823421
35504804
34821374
34702201
33645622
34875451
35120997
34606414
35320597
34429326
34509929
35322749
33497018
33615521
35343082
35571619
35359405
33515898
33892399
35073964
33155500
35414774
35136075
35497876
35085772
35333683
35379781
35085891
31851859
34863279
33526588
33476715
34905724
35044041
35604743
34369042
35421737
34853466
34195851
34665305
33764451
34180760
35017014
34260942
34937832
34399777
34042286
35069903
33931442
35333695
35603999
33108931
35137670
35116432
34845242
35403823
35114566
35506168
34547282
33450304
35293311
32015466
35149775
34348893
33530829
35005549
35392763
34495753
35425699
34856019
34531670
34272506
32594381
34114724
34600886
34818974
34732716
34747636
34999183
34513693
35601153
35151693
34181233
33962944
34681917
34368874
35344216
32719443
34618120
35367194
34670864
35150569
34543287
34594378
34643247
34425214
34079084
34963485
34778891
35003358
33822016
34753384
35218773
34274947
34734088
33784016
34155197
35276076
33481334
35320000
35191554
35358680
35418691
33638775
34698358
33783609
33967958
34180758
34839459
35076962
34850542
34460330
35548282
33962630
33957091
35427425
35449213
35387643
33970779
35468741
34195070
33547080
33691909
34801669
34897678
34910906
34955743
34854353
33608112
34098071
34879879
34973370
34556635
34499617
35326457
35033869
35176940
35064377
35449123
35014985
35426182
35193469
35421367
35609371
33904112
35563778
34436957
35609320
35190931
34239355
35596832
35067295
34407052
35179811
34509500
35124166
34818258
35459780
34339961
33420548
35480402
35008734
33464998
35081346
35096613
33850858
33508370
34584067
35392078
35180020
34793551
33099847
34918847
35295173
34518485
34274534
35412438
34697900
34228857
35459765
34460057
34953448
33962228
33491566
35507647
34944037
34045885
35552719
34194498
35485286
34893685
35587570
34930376
34253290
34914791
35305977
35364458
34887419
35092191
35486287
33928605
34647142
35091545
35385312
35563877
34956880
34887392
35251343
33829438
35128082
35348441
33469278
35103069
34924755
34593874
34682295
34980170
34586738
33176626
34716295
33822652
35182941
34404733
34592314
35286917
34620745
34042256
35110552
33469309
34497156
35227287
34336268
34496364
35014686
35130629
34082653
34711683
34332565
34146477
35532157
33611825
34238765
33272103
35220610
33569425
34697072
34921867
35538035
35158210
34571508
33420414
33981152
34698766
33464564
34720086
35240304
35559534
35118363
33930933
35602094
34044650
33549845
34584693
34877814
34112215
35148834
35127380
35038955
34229060
34347980
35553786
34055578
35301863
35279683
34427646
33721916
33893997
34448115
35025607
35013126
33196911
34655661
34584456
34113144
34290239
35421276
35112982
34143366
33648937
33962804
35141020
34737643
34115574
35347427
34282727
34098726
35406686
34948154
35593504
34230481
34079264
34865139
35132380
33665757
33077905
33949284
32336203
34849563
35457012
35581525
35351858
35554926
34823423
33969374
34969853
35498204
33415607
34558641
34748042
34370322
34266953
34951345
35338123
35338010
33345691
35460420
34685681
34589382
35248684
35350655
35103856
33945069
34688806
34462427
35478295
35545774
35554122
35499234
35199939
35533409
33295145
35343383
34006303
34793611
34855515
35483343
34335753
35354119
35063587
33604532
34100183
35121374
35456636
33782973
34132359
34981113
34689394
35366056
35192933
33945659
34915136
34116927
35549556
33951476
35441565
35241643
33875576
34514705
33616251
35075728
34643674
34930912
34311082
34742256
33834880
34819634
34190420
34108034
34563222
34593639
35068350
34745557
34060391
35354542
35126924
34051279
33939677
34453719
35069872
35094010
33488122
34408754
34935123
35379785
34040893
33911865
34976998
35602601
33215510
34162155
33867818
34294609
35511168
34785655
34293716
33623121
35098684
35307350
34573315
34487815
33184450
34800749
34411323
35438054
34476495
33742335
34911552
34812269
34870557
35069570
35137449
35196185
35136034
35271750
34898477
34707101
34914638
35503407
35381326
33660818
35009001
32235916
34002044
34272277
34454908
34968781
34951340
35163828
33450324
35491849
34584188
33860639
34931867
34323178
33390847
34711123
35008716
34764730
34160901
35282774
33817317
34623609
34976325
35478210
34876565
35107852
35059720
33790651
34129195
33196296
34739154
34936288
35508470
35197128
33603486
34193412
34955656
35361799
35242497
34218271
35024322
35510877
34936872
35144475
34773997
34974798
33758420
33128918
35554104
34355355
33159601
33469313
35444189
35437018
34580724
34278490
35083026
32929218
33509040
35514011
34907034
34234560
35430208
34144977
32713344
33627431
35173533
34224334
35173553
34573382
33503507
35003355
34569056
34001648
34362797
34632168
34609966
33910495
35251300
35608154
35116705
35365349
33747281
34433042
35058288
33148101
35340746
35033353
35216969
33037865
34278506
34656562
33475455
34582362
35025943
31353965
33530884
34234553
34803501
33928606
34555810
35073820
35084673
35258455
35096064
35269749
35429679
35442527
33280498
34605738
34306321
34226680
35162959
34521817
33758424
33089960
35191199
34671407
34110962
34775955
34164485
33757404
33558065
34338995
34612146
35118144
35203255
34800614
33753579
35042119
34943057
34784311
33975030
35130572
31355610
34803506
34552061
32079424
35220890
34353856
34900520
33598394
34272834
35513372
34604093
35333566
33911345
35114100
34178640
35334277
34803496
34205274
35072651
35420971
34650909
34060226
35088922
34184786
35184139
34423051
34046217
35317779
34826547
34608955
35269968
35458112
34911832
35425712
34741724
35608036
35100978
35279443
35027542
33401967
34773076
35035817
34989253
35077478
33793074
34468265
34624438
35083664
34956482
33658858
34976842
34301901
34480147
35490374
35112997
34785778
33723431
34967266
35593463
34147913
34601076
35397366
35257356
34956398
34552038
33543443
33475463
35137600
35342350
34767742
35401844
35165289
33971546
34301920
34804040
35189053
34856331
35550167
34439090
34308752
35126637
34801563
33459966
33258403
35045331
35059924
34082648
34661812
34306175
33951695
34580281
34653729
35038357
33542733
33686286
34099494
34948431
35512709
35296440
34974521
34621314
34157911
34671012
33893729
35064752
34493647
34913773
35198077
35136037
35134674
35050901
34902342
34816539
34742920
34625711
34926237
32271641
34293353
35372071
34925694
34650049
35069527
33849377
35116709
34923985
35447415
35501464
35294329
35005835
35419467
34939978
34914337
33226073
34961461
34655124
35469018
35035856
35489022
34707683
35194770
34018078
34925319
34773593
34161771
35392228
34610308
34475991
34876558
34260923
34997725
35031573
35237256
34793775
34170494
35396910
35089546
35033667
35409000
35116655
34173804
35578071
34774556
34041752
34879266
34706306
35037826
35012615
34519263
34602486
35148667
34992681
35079913
35325570
34484334
35225647
33941610
34339801
34529353
35371339
33847006
35197566
35342401
35246462
34282011
35546050
34471058
34555274
35236965
35440621
35094292
33987822
34556885
33356805
34741026
35136993
34942190
33155431
35338829
33506106
34931755
35293661
34518490
35069587
35155233
34516334
35017437
33613102
34586732
34905435
34524611
35123484
34310900
34965191
33962946
35316152
33758375
33774278
34907414
34320268
34586620
32859993
34435140
35452863
35148461
35177003
35359381
34328198
35277657
35182679
35456995
35443161
34503385
33980247
34039026
35186080
34778900
34295887
35549637
35116451
33793053
35611698
34780782
34612013
34483150
35239453
35385779
35503415
35606353
34356844
35508523
34045897
34215846
34288396
34957298
34696660
35469920
34970415
35343092
34581696
35351580
32929216
34319912
34807471
32804340
35602576
34508625
34320900
35047556
34818025
34399695
35000595
35196483
34162557
34831226
34685526
35087570
35318262
34003583
35195809
35246517
35380918
32818571
34130584
34504003
34917510
33037622
33392621
35008544
34762123
34978519
32627090
33510452
35127712
34559955
35549614
34396445
34858081
35439527
33779489
34999254
34553078
33469378
33459100
32820233
33771536
34312226
33589748
34012590
35501719
35075362
35556763
34818056
33385064
35600767
34755264
35220392
33512745
34726120
35018235
34716872
33818283
34425095
35441583
35593120
35183057
35180913
34003544
35021089
34135062
35501316
35459245
35004133
35513753
34414857
34323408
33221374
34615877
34651659
34661963
34380035
33682891
34181495
34354942
35255921
35030974
35079920
34257616
34450268
35524559
35327602
35484993
35574370
34900723
35037550
32543276
35484885
34983535
34992146
35194762
34758200
34795259
34031216
35141045
33555040
35048778
33892301
34978464
34876563
34848471
34671022
35259612
35114215
35082159
35290144
33565802
35273593
33762355
34881629
35546327
34757596
35503594
34341870
35170373
34838714
32970880
34964438
35081536
34595994
35154431
33710653
35325183
35008419
34750028
35504875
34722264
34652441
33684228
35300558
35017438
34195277
34154626
34680946
35352878
34187569
34784841
35188404
33462514
35358540
33142356
35216668
35063752
32939058
35074341
34079080
35313261
34515320
35110470
35135443
35216681
34808498
35350980
34040388
33644832
35524408
35605663
35152263
34970490
34581937
33713751
35130618
35246531
34971908
35414781
34580177
35024096
35579671
34775498
35437864
34173718
34709507
33706585
34319590
35152853
34494097
35406445
35177210
34469738
34910916
34743406
33819360
33592173
34874278
35257887
34432599
34121556
34547464
35072776
35610255
35014684
34036176
35084460
34650035
34857740
33569406
35089338
34674723
34723715
34688828
34544449
33945031
34618051
35485355
34975322
34542165
33577031
34874227
34877498
35081855
35342417
34022918
33764436
34644545
34035464
34007211
34197030
34197043
34876703
34618053
34006608
35309302
35064471
34510715
35611599
33442719
33827820
33507136
34758308
35494016
34884938
35023587
35234260
34549308
34192661
34874224
35422914
34350116
34663177
34900667
35046382
35394683
33894312
33565360
35279748
34903711
34980138
34798593
34806925
33894273
35409362
35003215
34874324
34375627
33914383
35420997
34731784
35000151
34592889
35440106
33738672
35467005
34984191
35110683
35346361
35000421
35105853
35115499
33446013
34841428
35593587
34587717
35443150
34476506
35029095
34511937
33505023
34048366
33725277
34656861
35351142
35124427
34675548
33958865
35403545
34687766
34532486
34515612
33597243
34010639
33932136
35459265
34125604
34086556
35155573
35075117
34732848
34560818
34379822
34592792
34346534
35481341
33911864
34582376
35247439
34668620
35524876
35105806
35556618
35067807
35198058
35090549
34035482
35604103
34234773
34837929
34908452
34795058
35126113
33968662
35509067
34541816
35120903
34244426
34191077
33899679
34916485
35593122
35571488
34174402
34887471
35438846
34714604
34186058
35416273
35420507
34911869
34290714
34312289
34645092
35288626
34976171
34689164
33545050
33881703
34321465
35240232
34894966
35563178
34060486
35526109
33547867
35342335
32694755
34143694
35290180
34350095
35085590
33722977
34921145
34432732
34907164
34395636
33600948
34731602
34396443
34484582
35582972
35158730
35459441
35559379
34477476
32415261
33718067
34845330
34743203
35551509
33710444
34897688
35230542
33792408
35408955
35169254
35484984
33721187
34526965
34798064
34988390
34017078
34272822
34766472
35156897
34628789
34558642
34282994
35442829
33977073
34597997
35027451
34610306
35432725
35190902
35406629
31541182
35149839
35328400
35390516
35274813
35538026
35109802
35612714
35251568
34414458
34585824
33339957
35366279
35452310
34170070
34487377
34976151
35470010
35318338
34675545
34012636
33694332
34895051
35408913
35342356
33307898
33776905
35089495
34934440
33402183
35506565
35091544
34990753
34274429
34160745
34719307
32586178
34792485
35003317
35408924
35461010
35115027
34387789
35336819
34686190
35403694
34108240
35528611
34667275
33667646
33130075
35527493
34670480
34384029
35526051
34251337
34254281
33887226
34260936
34977182
34614409
35163556
34976182
34012625
33526712
34671086
33024274
33827814
35426065
34301921
34875555
32379497
34561764
35489290
35573410
35197112
34560092
33628048
34365889
34830347
34556814
34923889
35405463
35399100
35365444
33025624
35415239
34918396
35035705
34645797
35194440
35473503
34745940
34708859
35350536
32895487
35402178
32948832
34102651
34494305
34823432
33199830
35438057
33940617
34409736
35500653
35184186
33903120
34675258
35037538
35562342
34563636
35294872
35359144
35173161
34592660
34988188
35076182
35156729
35418466
34882856
32412786
34789312
34183954
34874810
33811578
35371326
34518647
35587569
33393590
33125780
34048700
31552791
32967481
34302955
35217650
34229599
34779485
34546460
34697986
33492497
35088373
34546840
35066809
35174767
34637688
34178650
35110535
33718221
35587608
35142579
35267120
34971149
34742871
34314739
35106560
34936294
34698001
33545063
35104574
35099008
35387975
35365663
34498706
34956562
35066290
34178988
33500627
34532435
34562454
34830297
35444785
35187800
33675502
33926817
32476569
34288405
34831007
35064898
35525270
35524373
34223709
33885171
34515323
35562016
35063407
35589717
34323419
34925522
35102545
34616668
35044621
35433959
35240162
33821668
34257412
34688658
35186455
34778905
35035482
34919671
35484972
33737835
30843452
33725320
34742153
35468892
35003515
35170427
35501580
35346324
34978518
33480984
35419389
33818859
34747116
35345650
34881782
34158860
34738872
33958547
35544574
34351558
34633595
35322757
35285389
33404775
35484308
35159261
35442509
35537286
34858053
35538889
35386287
32869873
34295443
34533201
34288211
33145996
35345660
33140469
35468097
33691558
34315248
35451598
34403363
34165179
35339026
33713358
35204692
33938392
34997217
35559389
35405623
34952204
34917890
35541914
34076811
34818994
34926459
33306126
35165511
35070402
34288801
35351862
31608712
34893086
35490467
33850312
34608126
33789312
34863979
35154458
35107755
35347477
35365782
35365182
34758305
34521054
35054891
35240295
34158392
35089323
35231606
35187863
35578599
33418009
33144711
35249128
34843575
34238170
34124276
35020881
34561473
34116704
35449354
33994849
34532390
35413430
34883033
35494512
34711817
35377982
34663815
33410459
33751053
35199870
34374497
33686766
33332746
33709453
35172150
35275521
35017116
34308771
34272987
35023001
35077201
35064540
35477702
34107856
35414500
34831427
34193837
33813678
34229087
32737855
34260935
33824459
33405047
34636482
35124696
35069871
34270733
34045668
35022235
34642302
35022544
34796909
34698372
35092745
34648865
35591820
34334119
34313969
35388459
34612153
35506252
34930894
35246016
35043753
35023957
34145024
35173455
34165167
34274951
35088224
35498540
33509010
34933911
33982290
34650217
35409338
34758082
33854370
33842377
35304250
35154166
34967706
33021020
34432482
33856598
34747314
35480561
33596428
35238915
34057012
34900980
34339855
35385705
35236289
35342353
35247611
33889521
34971708
35350838
35502544
33870135
34969359
35199132
35038704
35064619
33945508
35446349
35222362
35435112
35349303
34688655
34775599
34381729
34706239
33333289
35173309
35339472
34391823
33993470
35487009
34738458
33991018
35266954
35487271
34225636
33744299
35379801
35474307
32759968
34900056
35354042
34278459
35393008
34432494
34636432
35292107
34551684
34897970
34288252
35551606
33818282
35116702
35126724
35411937
34988407
33380466
31813289
35430713
34028500
35439023
35126933
34343028
34686341
35600150
33628588
34769098
34821196
35468939
34289353
34409981
33767587
34983881
34164475
34385316
33886117
35081872
34723778
34486705
35105170
34345016
32529543
34546211
33345395
33596811
35607965
35302694
34732693
35605149
35569367
34017102
35461324
34741605
34925032
35237319
35350836
35182974
35550871
35060166
34599829
34348143
35049148
34553380
35198891
34740613
34731560
32876514
34951337
35174103
35144091
34558654
34616853
35007826
35069531
34606420
35534729
35607962
35217669
34922631
34968780
34614178
35379779
34790743
35417703
35563814
34404767
35205342
34027766
34195933
34957482
34413720
34702928
33481135
34808462
35422816
35210412
34952004
35136024
35222884
35184643
35198364
34558644
34976433
34151668
34225780
34609698
32910719
35358174
35525274
35036050
35402661
35140744
33269380
35611792
33452745
35227760
34325277
34621682
34899909
35008809
35065962
32814818
34755654
35069876
34470582
34239868
35042949
34903728
34616498
35591810
34270000
35142692
35220170
35099637
34667079
35289315
34898279
34470574
35080740
35595469
34657232
34900201
35305523
33928604
35016493
35169159
34917045
34908514
33840587
33895792
34599436
35140544
35184652
35538574
35421414
34552925
35562348
35414260
35185915
34370878
34702807
35093061
35279586
35158021
34512666
35046516
34897684
35116675
35173544
35093936
35437932
34427876
33553331
35485210
34956453
35523657
35551614
34774078
33901298
34425183
34026434
35041461
35291918
35570385
35137157
35391781
35594055
32998623
33616669
33211633
35433688
34512155
35171955
34622526
33460027
34930287
34839191
34988676
34789577
35084431
34465995
35473511
33863728
35176871
35503863
35186236
35389828
35421166
35499320
34477472
34983926
34486497
33230258
35418692
34941574
35066091
34978269
34109992
34895052
34048566
33962073
32960814
35197460
33994531
35401251
34251884
35137483
35599447
33642878
34826159
34632867
33999341
34669021
34385821
35136045
34769507
34645792
34777696
34944103
34749766
35351053
34667156
34978047
35597125
34899399
34337864
34899810
32870256
35053380
35217336
33982889
35365657
34937878
34428276
33112705
34870592
35021086
34742690
34874914
34433666
34693625
34330309
35354789
34936032
33847380
34246852
34739190
34929342
34132366
34427978
35525407
33280497
35610725
35116658
35092699
33658791
34080639
35249453
34642952
34950224
35122073
35484132
35132534
35244538
34047477
34975328
35033084
34847273
35483305
34476500
35084609
34470826
35350590
34873433
35466323
34826399
34718238
35063764
35370458
34667150
34731628
34560002
34374892
35490179
35585880
34851490
33610907
33485931
34758330
34581931
35166173
34512872
33388376
34860155
34455769
34974815
34636091
35328513
35414313
33057139
35583006
34796755
34983361
34968167
35131594
34551709
35100093
35043728
34431214
34191246
35414507
34453440
34369267
34512173
34740384
35014672
33782807
35316874
31253047
33449298
34735734
35149732
33820740
34278482
35314791
35482482
33952527
34989130
33564100
35186948
35449157
34405537
35098525
35156481
34925646
34633056
35098666
34463226
34048808
34988028
34688515
35115495
34793263
33368965
34530115
34694864
34216690
35436989
32037864
34868004
34645789
34876142
34332079
34484336
35419295
34933092
33461070
35100495
34572527
34536775
33686892
34370738
35250844
34489160
35078033
33515675
35422931
34516342
32901127
35290083
33850265
33859759
34796452
34196265
34113130
34155345
33651309
33932144
35300565
35116434
34610483
31984680
33975517
34436665
35169128
33772151
34485531
33645623
35402865
35232249
35286189
32881354
35058607
35607372
33774129
35035814
34223779
35032557
34101965
35411430
34257081
34012797
35562351
35116358
32968199
34103010
34798882
33447989
33871770
34491908
34942624
34302891
33421511
33794525
34622775
33367814
35150405
34774019
34251959
34481218
35181997
35254656
35322009
35399708
35137928
33252829
34796469
33962568
35149697
34818543
35088888
34524595
35597494
34739188
34692852
32532171
33628024
35365601
34162535
34997215
34476503
34530740
32929213
35594155
34699621
34795264
34785240
34718336
33844396
34901270
35413439
34784561
34099490
35146917
34974804
34493279
34433035
34856161
34700040
34930918
34499007
34286462
33899079
33650820
35119658
35320391
35349725
33403385
33600051
35246069
34696702
32719988
34660259
34048990
34110955
34916848
35124548
35085910
35367424
33980844
33794727
35183714
33334871
35202085
34435526
35316673
35601254
35538070
35419054
35422475
34428587
34686752
35263597
34041718
34932851
34819358
34547626
35517429
35293026
35538293
34507637
33894019
34385679
34273187
35265200
35190642
34733985
34793709
35510230
33654409
35035663
34417301
34240756
34866525
34587874
34590156
34858390
35084653
35080333
34698359
35272621
34336814
34388291
35342338
33843426
34457087
34563514
35094659
34998421
34504639
35246513
34044068
34914972
35291915
34800438
33568918
35584569
35269974
35171402
34422671
35587058
34591986
35178865
35036052
34720049
34839796
33980131
35101035
34633248
34896640
34715218
35251369
34975828
35222741
34779712
34936223
33776485
34775375
34400241
35398375
35051534
35399721
33812060
34675977
34158395
33563652
35301318
34792688
33463054
34455220
35341776
34698360
34753494
34883204
35093305
34889698
34917199
34643340
35332268
35426067
34929177
34545936
34795257
34512545
34394829
34785650
33410377
35402284
33453713
34675675
34113122
34870560
34813676
35494004
34381502
33638792
35186188
35191952
35296150
33586613
34045663
33594062
34252536
35545336
34073293
34085179
34774989
35094303
35038705
34743206
35121659
34021445
34958029
35166053
34783632
33982769
35028010
34942311
33387246
35230873
34888849
34769306
34745083
34871740
35443864
35085106
33053230
34380584
35556929
35165254
35502349
34396433
34253647
35109756
35027933
34181356
34906886
34747340
35541895
34732572
35087196
34231239
35196497
35115556
32972267
34246986
34553694
34221996
33761321
35201653
34318683
35445044
33932350
34769235
34153655
35066566
35412486
34790039
35202986
34133925
35045297
35444014
35459267
35518784
33845141
35156514
33771199
33732018
35452660
34935307
34432492
34153339
35053428
35159173
35579257
34499772
35043374
35513381
33517563
35170375
33400013
34154657
34118612
34098062
35506298
35071413
34218230
34409556
34240204
33945794
34065512
35378649
35136989
34494555
34718169
34923485
33688211
35430615
34629037
33257740
35090377
33297755
35182956
34604035
35197448
35351403
35452995
33993982
34718921
34971161
35440604
34455909
34778021
35196650
34808393
35427192
35395550
34027050
33658535
33975879
35111226
33885186
35611688
34977026
35358005
35501151
34841435
33754289
34474167
34706761
34871825
33642868
33459596
33888871
33531646
34804881
34377003
33537917
32782380
33522352
35137179
33529652
34145485
35088239
35163585
35412947
35563683
33833579
35597996
35138580
35468304
35108856
34775495
35583010
34147470
34773219
34915882
34310913
35583000
34876904
34016750
33789360
32930970
34907120
35545140
35184431
35553652
35111811
34759262
34325342
34790783
34461109
34921745
34618078
35131382
34353698
34582006
35028708
34117764
35172151
34837150
35391917
34626136
34270989
33529753
35167433
34003966
35305311
34430612
34512147
35366615
34946859
34550632
35050465
35109236
34801623
33569427
35126811
34900190
34643163
34875217
33159388
35248054
33603481
35257899
35417665
34895048
34570619
34183451
35172032
35508474
34889712
34315861
35476437
32380568
35465835
35170354
34244427
34911544
34927513
35078109
34366326
34650661
34648881
32186226
34923106
34380030
35587604
34526379
35159398
35608340
35061665
35071422
34755577
34357569
35093591
34564711
33305404
35555725
35030351
34815382
34312797
34435619
35198878
35490895
34768968
34748255
35032684
34036380
33469837
35286539
34953447
33145806
34753396
33842368
35177582
34239606
34042547
34295819
34739847
35202796
34738714
34841287
34893096
34931960
34972249
35166984
35598826
34588420
34662438
35210408
35555733
35600345
35175496
34974534
34296808
34599982
35428355
35282764
34490833
35276693
35337798
34895040
34922339
34747141
35505963
34623515
35414504
35170865
35587747
33326690
35126622
35216388
34948204
35367823
35252218
34818544
35124181
34950207
33894310
34320372
35301154
35459779
34339965
35068331
33788631
35021096
34098197
33484385
35599309
35534896
35003362
35513377
33045891
35553673
34353330
34996981
34970695
32628059
34837126
33944652
34510400
34240826
33249116
34595724
32627648
35581289
35433434
34838592
33907435
34753394
34879284
35477045
35039060
33090337
34171521
35046941
34724245
34815802
34953860
35322763
35394865
34233586
34798465
34605350
33660799
35306138
35572884
35388144
34751119
35460552
34050318
35080031
35287551
34278505
34723781
34401962
34681573
33764465
35435107
34454554
35017465
34697293
34696668
35072515
34618149
34615995
33904366
34991623
34669056
33179372
34730058
33744854
35596790
35186922
34245860
34608568
34195365
34278472
35320720
35571179
34863188
34270841
35253153
33859925
34904343
35521520
34859820
35237324
34953047
35339759
35399229
33587353
34989308
33844290
35179516
32972302
33151000
35524977
35220872
34171392
34266873
35307327
35599572
35043644
35594862
35011620
34779408
35109823
34737951
35399330
35218437
34767814
35505968
34350661
35277830
34485121
33288550
35293283
34779493
34188461
34565303
34098850
34335755
35140331
34021273
35579106
34773179
35394254
35579981
35306433
34562123
34402705
35156543
35366388
34966670
35609316
34387594
35172278
34686350
35396503
34647615
35083555
34477002
34413925
33588071
33755320
31697176
35092863
34810257
35559411
34322848
33705894
35397606
35584745
34392240
33872733
35191803
35472331
34959084
34499769
34262144
35108640
34797485
35609127
35073278
34254453
35464769
35501825
35177623
34729919
34099657
35154444
35521658
33660570
34954155
33876722
34645279
34414852
35161435
33865911
35156680
35198444
34839358
35197608
34616170
34518217
34741030
34970545
33664589
35013841
35136029
34319763
35451584
33519236
34471096
35274300
33447058
35271909
34997970
35091692
35403324
35322738
35427886
34117611
35549643
34255829
35266369
33767433
34828265
35104050
33854372
34699320
34113129
34040167
33993322
35315437
34788229
35541909
35092867
35085551
35582235
34706275
34263426
33295056
34283251
35428261
34741086
35210604
35595309
34266696
35505164
34633468
34772913
34750987
34856026
35429173
35499593
34190406
35050429
33495099
34333083
35422493
35152838
35453416
34876040
34417577
33372376
33839758
35256590
35012442
34224297
33751805
34766670
32632270
34034626
35157928
35021067
35522026
35581583
33634966
35136032
35021946
34536269
35135230
34094932
34764323
35346195
33764618
35069821
34275889
35342398
34842937
34062195
34873829
35036160
35014669
34774846
33742994
34303763
34111559
34970999
35360844
35413135
35081724
35121826
33910455
34641698
33082516
34775484
35181613
33063235
34997887
34358482
33531645
35166691
34592902
33307856
34837450
33619557
34686664
33932961
33422522
35130632
35508122
34277059
35172677
35554276
35320827
34785950
34153312
34336030
33862560
34779502
34743685
35155446
35437307
34930169
34991445
34762910
34868528
35102250
34405771
35513574
33450101
34990040
34267554
34619102
34096221
35567527
35124697
34368861
32231180
35421066
34787848
34238665
35361778
35466755
34921839
35066776
35002525
35060347
34768749
34551797
35609318
34666602
35494481
35042954
34475393
34185412
34494934
35203270
35409056
35311623
34730201
33299139
35588119
35451651
35137264
33886462
34857760
34901025
35193567
32632205
35086136
35181635
35592242
35098371
34646377
35187743
34399990
34274194
34965023
35411930
34722314
34809717
33993456
35254663
35595099
33607255
34147029
34369270
33571129
34709686
35489289
33463050
33248443
34596215
35198024
35403787
34532094
34717687
34006305
34747309
35509266
33734395
34676588
34394002
34490480
34586488
34325316
34050113
35352617
34315884
34747980
34326879
33427027
35552689
34322386
34394903
34968160
34452627
35195778
35184675
35129819
32720790
34831298
33623402
34175897
33139818
35278612
33568915
34873899
34765013
34710881
35496917
35293097
35503397
34601496
34551796
34787301
35045292
34036397
33384174
34003569
34448213
35084016
33942856
35065924
35244769
34958294
34697393
35143931
35302171
35327383
35285407
33308119
33660806
35578240
35545041
35090521
34601488
34954694
34787682
34937609
34808460
35442485
34028135
34364983
35108116
34551297
34758762
34912458
34925225
33347907
35084661
33536206
34516362
35278152
33305480
35154463
34745257
34255617
34559922
33243628
34998390
33459949
33768585
34938119
34525355
34718002
35523770
34447693
34881179
33570445
34808131
34803495
35506305
35090967
34815712
35326503
35364057
33486894
34511601
34607390
34481875
35348292
35044632
35041644
34632667
35434372
34958692
34213736
33567921
35320725
34780785
35161234
34331392
34337085
33711164
34270823
35132180
35332131
35034519
34609770
34918962
35523305
34911834
35024436
33649796
34321321
35535903
34851489
34996840
34185335
35462226
35419474
34322898
33137205
34716956
34789768
34723325
35461393
35014620
34974476
35307353
34907204
34878149
34856848
33929392
35297670
34080645
35027734
33762340
35135809
34826703
34870753
33523920
35133054
34192971
35487027
34848693
34658308
34351574
35246964
35525855
34519914
35264657
33400290
34348161
35468721
34909124
35404016
34104112
34588094
34334103
34343153
34055579
34057025
34657129
33388421
33971927
34109987
34891002
34768829
34452999
35563834
34753771
35176204
34021861
33865939
35213742
33986530
34879239
33380310
35325644
33964139
34600974
35379225
34424807
34196940
35417191
34985768
35510812
35173535
35416128
35402260
34612783
35545753
33979697
34699986
35276183
35349697
34891040
35176421
33526870
34643859
35463945
35210392
33884962
33387208
35118193
34790744
34907169
35037949
34971719
35491006
34908216
35082399
35392925
34800915
33838353
35238277
34476497
34057794
35294319
33744467
34749575
35166845
34880353
35381294
35383293
35435132
35341975
35071747
35396533
35246520
35438530